# time = 1000
# Grid points = 536
# Pressure (Pa) = 101325
#             1_pos             2_posf             3_uvel             4_vvel             5_wvel
  -9.9844746342e-01  -1.0000000000e+00   2.9343788784e-01  -2.1808320260e-02  -2.1808320260e-02
  -9.9534239025e-01  -9.9689492684e-01   7.9804813122e-01  -5.8808024069e-02  -5.8808024069e-02
  -9.9198365223e-01  -9.9378985367e-01   1.3743978747e+00  -9.9710845079e-02  -9.9710845079e-02
  -9.8838185555e-01  -9.9017745079e-01   1.9993045794e+00  -1.4119019922e-01  -1.4119019922e-01
  -9.8480896186e-01  -9.8658626032e-01   2.6159243139e+00  -1.7782242820e-01  -1.7782242820e-01
  -9.8126970459e-01  -9.8303166340e-01   3.2297746778e+00  -2.0872000819e-01  -2.0872000819e-01
  -9.7775819086e-01  -9.7950774578e-01   3.8436468120e+00  -2.3280637269e-01  -2.3280637269e-01
  -9.7426694966e-01  -9.7600863593e-01   4.4577527750e+00  -2.4886331203e-01  -2.4886331203e-01
  -9.7078343061e-01  -9.7252526339e-01   5.0719196349e+00  -2.5568442176e-01  -2.5568442176e-01
  -9.6728750374e-01  -9.6904159783e-01   5.6861279161e+00  -2.5207109671e-01  -2.5207109671e-01
  -9.6375006535e-01  -9.6553340965e-01   6.3005062377e+00  -2.3677581843e-01  -2.3677581843e-01
  -9.6013042197e-01  -9.6196672106e-01   6.9153393096e+00  -2.0842769745e-01  -2.0842769745e-01
  -9.5637053140e-01  -9.5829412289e-01   7.5311397325e+00  -1.6543323147e-01  -1.6543323147e-01
  -9.5238424340e-01  -9.5444693992e-01   8.1485524611e+00  -1.0585521241e-01  -1.0585521241e-01
  -9.4804639424e-01  -9.5032154688e-01   8.7668857045e+00  -2.7462875550e-02  -2.7462875550e-02
  -9.4321898260e-01  -9.4577124160e-01   9.3793239585e+00   7.1138445184e-02   7.1138445184e-02
  -9.3927026057e-01  -9.4066672360e-01   9.8170004716e+00   1.5794750443e-01   1.5794750443e-01
  -9.3647733449e-01  -9.3787379753e-01   1.0112569354e+01   2.2472050347e-01   2.2472050347e-01
  -9.3359072392e-01  -9.3508087146e-01   1.0430804232e+01   3.0363971477e-01   3.0363971477e-01
  -9.3061042886e-01  -9.3210057639e-01   1.0747683301e+01   3.8797874427e-01   3.8797874427e-01
  -9.2724289169e-01  -9.2912028133e-01   1.1068412079e+01   4.7876957132e-01   4.7876957132e-01
  -9.2348811241e-01  -9.2536550205e-01   1.1382320921e+01   5.7303421096e-01   5.7303421096e-01
  -9.1892500758e-01  -9.2161072277e-01   1.1683764296e+01   6.6661123066e-01   6.6661123066e-01
  -9.1355357720e-01  -9.1623929239e-01   1.1971617525e+01   7.5612044074e-01   7.5612044074e-01
  -9.0936329342e-01  -9.1086786200e-01   1.2176672041e+01   8.1607637930e-01   8.1607637930e-01
  -9.0635415624e-01  -9.0785872483e-01   1.2304547695e+01   8.5027162959e-01   8.5027162959e-01
  -9.0334501906e-01  -9.0484958765e-01   1.2416110996e+01   8.7535887736e-01   8.7535887736e-01
  -9.0033588188e-01  -9.0184045047e-01   1.2506396396e+01   8.8924810637e-01   8.8924810637e-01
  -8.9732674471e-01  -8.9883131330e-01   1.2570246469e+01   8.9116717700e-01   8.9116717700e-01
  -8.9431760753e-01  -8.9582217612e-01   1.2613863427e+01   8.8210475936e-01   8.8210475936e-01
  -8.9130847035e-01  -8.9281303894e-01   1.2637536883e+01   8.6173421887e-01   8.6173421887e-01
  -8.8829933318e-01  -8.8980390176e-01   1.2638873915e+01   8.2827419192e-01   8.2827419192e-01
  -8.8420938849e-01  -8.8679476459e-01   1.2608311946e+01   7.6358589882e-01   7.6358589882e-01
  -8.7903863631e-01  -8.8162401240e-01   1.2519329769e+01   6.6011312476e-01   6.6011312476e-01
  -8.7386788412e-01  -8.7645326021e-01   1.2368456667e+01   5.1919887185e-01   5.1919887185e-01
  -8.6869713193e-01  -8.7128250803e-01   1.2182367215e+01   3.6411318583e-01   3.6411318583e-01
  -8.6470892632e-01  -8.6611175584e-01   1.1990927643e+01   2.1600776900e-01   2.1600776900e-01
  -8.6190326729e-01  -8.6330609680e-01   1.1840610610e+01   1.0400695485e-01   1.0400695485e-01
  -8.5909760825e-01  -8.6050043777e-01   1.1679915689e+01  -1.1989045134e-02  -1.1989045134e-02
  -8.5629194922e-01  -8.5769477873e-01   1.1521918835e+01  -1.2329633221e-01  -1.2329633221e-01
  -8.5344965191e-01  -8.5488911970e-01   1.1381335280e+01  -2.2004336890e-01  -2.2004336890e-01
  -8.5057071634e-01  -8.5201018413e-01   1.1231217805e+01  -3.2114246798e-01  -3.2114246798e-01
  -8.4769178077e-01  -8.4913124855e-01   1.1095863670e+01  -4.1097907622e-01  -4.1097907622e-01
  -8.4481284520e-01  -8.4625231298e-01   1.0941296413e+01  -5.1247160859e-01  -5.1247160859e-01
  -8.4158495231e-01  -8.4337337741e-01   1.0763475483e+01  -6.2916715152e-01  -6.2916715152e-01
  -8.3800810211e-01  -8.3979652721e-01   1.0583713816e+01  -7.4888009541e-01  -7.4888009541e-01
  -8.3443125191e-01  -8.3621967701e-01   1.0432993448e+01  -8.5348742948e-01  -8.5348742948e-01
  -8.3085440171e-01  -8.3264282681e-01   1.0318164383e+01  -9.4077034304e-01  -9.4077034304e-01
  -8.2631015852e-01  -8.2906597661e-01   1.0228780224e+01  -1.0255372280e+00  -1.0255372280e+00
  -8.2079852232e-01  -8.2355434042e-01   1.0224724565e+01  -1.0824684791e+00  -1.0824684791e+00
  -8.1528688612e-01  -8.1804270422e-01   1.0335064308e+01  -1.0906028208e+00  -1.0906028208e+00
  -8.0977524993e-01  -8.1253106803e-01   1.0562159918e+01  -1.0492501542e+00  -1.0492501542e+00
  -8.0462426995e-01  -8.0701943183e-01   1.0824916515e+01  -9.7948678265e-01  -9.7948678265e-01
  -7.9983394620e-01  -8.0222910807e-01   1.1118957550e+01  -8.8922559679e-01  -8.8922559679e-01
  -7.9529684570e-01  -7.9743878432e-01   1.1441266267e+01  -7.8045598453e-01  -7.8045598453e-01
  -7.9101296846e-01  -7.9315490708e-01   1.1749466815e+01  -6.6922045344e-01  -6.6922045344e-01
  -7.8648311347e-01  -7.8887102984e-01   1.2053847068e+01  -5.5308752299e-01  -5.5308752299e-01
  -7.8170728071e-01  -7.8409519709e-01   1.2342385624e+01  -4.3680559020e-01  -4.3680559020e-01
  -7.7771227375e-01  -7.7931936433e-01   1.2587532786e+01  -3.3255257849e-01  -3.3255257849e-01
  -7.7449809258e-01  -7.7610518316e-01   1.2761966650e+01  -2.5515740010e-01  -2.5515740010e-01
  -7.7128391140e-01  -7.7289100199e-01   1.2913673406e+01  -1.8457401524e-01  -1.8457401524e-01
  -7.6806973023e-01  -7.6967682082e-01   1.3042887041e+01  -1.2105954321e-01  -1.2105954321e-01
  -7.6430331756e-01  -7.6646263964e-01   1.3174018407e+01  -5.1820954183e-02  -5.1820954183e-02
  -7.5998467339e-01  -7.6214399548e-01   1.3282873676e+01   1.3809229199e-02   1.3809229199e-02
  -7.5566602922e-01  -7.5782535131e-01   1.3353504937e+01   6.7491009362e-02   6.7491009362e-02
  -7.5134738506e-01  -7.5350670714e-01   1.3389090602e+01   1.1086428890e-01   1.1086428890e-01
  -7.4702874089e-01  -7.4918806297e-01   1.3391650801e+01   1.4467887086e-01   1.4467887086e-01
  -7.4271009672e-01  -7.4486941880e-01   1.3362857594e+01   1.6955996136e-01   1.6955996136e-01
  -7.3839145255e-01  -7.4055077464e-01   1.3310659509e+01   1.8412104410e-01   1.8412104410e-01
  -7.3407280838e-01  -7.3623213047e-01   1.3240645697e+01   1.9075959225e-01   1.9075959225e-01
  -7.3043400841e-01  -7.3191348630e-01   1.3166474981e+01   1.9059559702e-01   1.9059559702e-01
  -7.2747505264e-01  -7.2895453053e-01   1.3101139712e+01   1.8707136476e-01   1.8707136476e-01
  -7.2451609687e-01  -7.2599557475e-01   1.3032082359e+01   1.8031667735e-01   1.8031667735e-01
  -7.2155714109e-01  -7.2303661898e-01   1.2960200052e+01   1.7050389688e-01   1.7050389688e-01
  -7.1859818532e-01  -7.2007766321e-01   1.2886595188e+01   1.5773773464e-01   1.5773773464e-01
  -7.1563922955e-01  -7.1711870744e-01   1.2812571112e+01   1.4213296816e-01   1.4213296816e-01
  -7.1268027378e-01  -7.1415975166e-01   1.2739133729e+01   1.2370183489e-01   1.2370183489e-01
  -7.0972131800e-01  -7.1120079589e-01   1.2665705903e+01   1.0193340076e-01   1.0193340076e-01
  -7.0615761782e-01  -7.0824184012e-01   1.2578473039e+01   7.1710122803e-02   7.1710122803e-02
  -7.0198917324e-01  -7.0407339553e-01   1.2487854680e+01   3.3487108149e-02   3.3487108149e-02
  -6.9782072865e-01  -6.9990495094e-01   1.2406835174e+01  -8.1880645093e-03  -8.1880645093e-03
  -6.9365228406e-01  -6.9573650635e-01   1.2333276642e+01  -5.4387500221e-02  -5.4387500221e-02
  -6.8948383947e-01  -6.9156806177e-01   1.2266391270e+01  -1.0624920828e-01  -1.0624920828e-01
  -6.8531539488e-01  -6.8739961718e-01   1.2207631841e+01  -1.6352029811e-01  -1.6352029811e-01
  -6.8114695030e-01  -6.8323117259e-01   1.2159958255e+01  -2.2318138087e-01  -2.2318138087e-01
  -6.7697850571e-01  -6.7906272800e-01   1.2121332242e+01  -2.8603552130e-01  -2.8603552130e-01
  -6.7296594532e-01  -6.7489428342e-01   1.2092377818e+01  -3.4891392272e-01  -3.4891392272e-01
  -6.6910926911e-01  -6.7103760722e-01   1.2071927065e+01  -4.1045849689e-01  -4.1045849689e-01
  -6.6525259291e-01  -6.6718093101e-01   1.2058193621e+01  -4.7285869982e-01  -4.7285869982e-01
  -6.6139591671e-01  -6.6332425481e-01   1.2050347175e+01  -5.3616512660e-01  -5.3616512660e-01
  -6.5753924051e-01  -6.5946757861e-01   1.2047748735e+01  -6.0054718427e-01  -6.0054718427e-01
  -6.5368256431e-01  -6.5561090241e-01   1.2049946188e+01  -6.6623859458e-01  -6.6623859458e-01
  -6.4982588811e-01  -6.5175422621e-01   1.2056270089e+01  -7.3030342046e-01  -7.3030342046e-01
  -6.4596921191e-01  -6.4789755001e-01   1.2065962988e+01  -7.9246380941e-01  -7.9246380941e-01
  -6.4211253571e-01  -6.4404087381e-01   1.2078330113e+01  -8.5275293965e-01  -8.5275293965e-01
  -6.3825585951e-01  -6.4018419761e-01   1.2092657949e+01  -9.1056238635e-01  -9.1056238635e-01
  -6.3439918331e-01  -6.3632752141e-01   1.2108290114e+01  -9.6526749355e-01  -9.6526749355e-01
  -6.3054250711e-01  -6.3247084521e-01   1.2124623585e+01  -1.0163839350e+00  -1.0163839350e+00
  -6.2668583091e-01  -6.2861416901e-01   1.2140659840e+01  -1.0621908853e+00  -1.0621908853e+00
  -6.2282915471e-01  -6.2475749281e-01   1.2156391875e+01  -1.1037006589e+00  -1.1037006589e+00
  -6.1897247851e-01  -6.2090081661e-01   1.2171541840e+01  -1.1409137787e+00  -1.1409137787e+00
  -6.1511580231e-01  -6.1704414041e-01   1.2185790835e+01  -1.1735516599e+00  -1.1735516599e+00
  -6.1114652273e-01  -6.1318746421e-01   1.2199242575e+01  -1.2021428342e+00  -1.2021428342e+00
  -6.0706463977e-01  -6.0910558125e-01   1.2211394438e+01  -1.2256718392e+00  -1.2256718392e+00
  -6.0298275682e-01  -6.0502369830e-01   1.2221655704e+01  -1.2431332088e+00  -1.2431332088e+00
  -5.9890087386e-01  -6.0094181534e-01   1.2229882895e+01  -1.2543910393e+00  -1.2543910393e+00
  -5.9481899091e-01  -5.9685993238e-01   1.2236013290e+01  -1.2593949851e+00  -1.2593949851e+00
  -5.9073710795e-01  -5.9277804943e-01   1.2240060069e+01  -1.2581678231e+00  -1.2581678231e+00
  -5.8665522499e-01  -5.8869616647e-01   1.2242099007e+01  -1.2507831221e+00  -1.2507831221e+00
  -5.8257334204e-01  -5.8461428352e-01   1.2242266516e+01  -1.2373679757e+00  -1.2373679757e+00
  -5.7849145908e-01  -5.8053240056e-01   1.2240765992e+01  -1.2181247443e+00  -1.2181247443e+00
  -5.7440957613e-01  -5.7645051761e-01   1.2237878742e+01  -1.1933836036e+00  -1.1933836036e+00
  -5.7032769317e-01  -5.7236863465e-01   1.2233979166e+01  -1.1637085765e+00  -1.1637085765e+00
  -5.6624581022e-01  -5.6828675169e-01   1.2229504948e+01  -1.1296944300e+00  -1.1296944300e+00
  -5.6216392726e-01  -5.6420486874e-01   1.2224743275e+01  -1.0903336715e+00  -1.0903336715e+00
  -5.5808204430e-01  -5.6012298578e-01   1.2220317286e+01  -1.0460465926e+00  -1.0460465926e+00
  -5.5400016135e-01  -5.5604110283e-01   1.2216818168e+01  -9.9548012460e-01  -9.9548012460e-01
  -5.4991827839e-01  -5.5195921987e-01   1.2215261906e+01  -9.4387248712e-01  -9.4387248712e-01
  -5.4647321141e-01  -5.4787733692e-01   1.2216037405e+01  -8.9939462566e-01  -8.9939462566e-01
  -5.4366496041e-01  -5.4506908591e-01   1.2218399646e+01  -8.6055268150e-01  -8.6055268150e-01
  -5.4085670940e-01  -5.4226083490e-01   1.2222925474e+01  -8.1940072454e-01  -8.1940072454e-01
  -5.3804845839e-01  -5.3945258390e-01   1.2229601033e+01  -7.7900411071e-01  -7.7900411071e-01
  -5.3524020739e-01  -5.3664433289e-01   1.2238543773e+01  -7.3945227645e-01  -7.3945227645e-01
  -5.3243195638e-01  -5.3383608189e-01   1.2250208593e+01  -6.9962615511e-01  -6.9962615511e-01
  -5.2962370538e-01  -5.3102783088e-01   1.2265503680e+01  -6.5836851854e-01  -6.5836851854e-01
  -5.2681545437e-01  -5.2821957987e-01   1.2285163392e+01  -6.1563842545e-01  -6.1563842545e-01
  -5.2400720336e-01  -5.2541132887e-01   1.2308293249e+01  -5.7444975834e-01  -5.7444975834e-01
  -5.2119895236e-01  -5.2260307786e-01   1.2334468427e+01  -5.3566325009e-01  -5.3566325009e-01
  -5.1839070135e-01  -5.1979482686e-01   1.2364296495e+01  -4.9824779891e-01  -4.9824779891e-01
  -5.1558245035e-01  -5.1698657585e-01   1.2398972422e+01  -4.6108736696e-01  -4.6108736696e-01
  -5.1277419934e-01  -5.1417832484e-01   1.2439508079e+01  -4.2387955551e-01  -4.2387955551e-01
  -5.0996594833e-01  -5.1137007384e-01   1.2485134238e+01  -3.8802735552e-01  -3.8802735552e-01
  -5.0715769733e-01  -5.0856182283e-01   1.2535281288e+01  -3.5422799756e-01  -3.5422799756e-01
  -5.0434944632e-01  -5.0575357183e-01   1.2590170718e+01  -3.2252895598e-01  -3.2252895598e-01
  -5.0032570431e-01  -5.0294532082e-01   1.2675883630e+01  -2.8008233109e-01  -2.8008233109e-01
  -4.9508647128e-01  -4.9770608779e-01   1.2802210548e+01  -2.3130448040e-01  -2.3130448040e-01
  -4.8984723825e-01  -4.9246685476e-01   1.2949781292e+01  -1.8822632062e-01  -1.8822632062e-01
  -4.8460800522e-01  -4.8722762174e-01   1.3113951430e+01  -1.5275213870e-01  -1.5275213870e-01
  -4.8009570283e-01  -4.8198838871e-01   1.3264512911e+01  -1.2884278617e-01  -1.2884278617e-01
  -4.7631033106e-01  -4.7820301695e-01   1.3403607209e+01  -1.1194219829e-01  -1.1194219829e-01
  -4.7252495930e-01  -4.7441764518e-01   1.3555579450e+01  -9.8157554377e-02  -9.8157554377e-02
  -4.6873958754e-01  -4.7063227342e-01   1.3717142540e+01  -8.7788687255e-02  -8.7788687255e-02
  -4.6520432278e-01  -4.6684690166e-01   1.3869938373e+01  -8.1301397201e-02  -8.1301397201e-02
  -4.6191916502e-01  -4.6356174390e-01   1.4016569089e+01  -7.7605053736e-02  -7.7605053736e-02
  -4.5863400726e-01  -4.6027658614e-01   1.4167712251e+01  -7.6079873961e-02  -7.6079873961e-02
  -4.5534884949e-01  -4.5699142837e-01   1.4322182224e+01  -7.6545213418e-02  -7.6545213418e-02
  -4.5211132819e-01  -4.5370627061e-01   1.4474664803e+01  -7.8707773833e-02  -7.8707773833e-02
  -4.4892144335e-01  -4.5051638577e-01   1.4625355900e+01  -8.2258311533e-02  -8.2258311533e-02
  -4.4573155850e-01  -4.4732650092e-01   1.4775962939e+01  -8.7003716208e-02  -8.7003716208e-02
  -4.4254167366e-01  -4.4413661608e-01   1.4925946738e+01  -9.2729954622e-02  -9.2729954622e-02
  -4.3926799058e-01  -4.4094673123e-01   1.5079677121e+01  -9.9444504526e-02  -9.9444504526e-02
  -4.3591050927e-01  -4.3758924993e-01   1.5234277462e+01  -1.0688971202e-01  -1.0688971202e-01
  -4.3255302797e-01  -4.3423176862e-01   1.5384911399e+01  -1.1463974354e-01  -1.1463974354e-01
  -4.2919554666e-01  -4.3087428732e-01   1.5530602316e+01  -1.2244982049e-01  -1.2244982049e-01
  -4.2555949900e-01  -4.2751680601e-01   1.5683190458e+01  -1.3079983232e-01  -1.3079983232e-01
  -4.2164488498e-01  -4.2360219199e-01   1.5843240295e+01  -1.3954069845e-01  -1.3954069845e-01
  -4.1773027096e-01  -4.1968757797e-01   1.5994376557e+01  -1.4755859979e-01  -1.4755859979e-01
  -4.1381565695e-01  -4.1577296395e-01   1.6134939720e+01  -1.5459428566e-01  -1.5459428566e-01
  -4.0924338215e-01  -4.1185834994e-01   1.6284475095e+01  -1.6130951848e-01  -1.6130951848e-01
  -4.0401344659e-01  -4.0662841437e-01   1.6449372972e+01  -1.6731495117e-01  -1.6731495117e-01
  -3.9878351102e-01  -4.0139847880e-01   1.6595069840e+01  -1.7086085213e-01  -1.7086085213e-01
  -3.9355357545e-01  -3.9616854324e-01   1.6724371759e+01  -1.7196267246e-01  -1.7196267246e-01
  -3.8869225255e-01  -3.9093860767e-01   1.6831017996e+01  -1.7085953051e-01  -1.7085953051e-01
  -3.8419954231e-01  -3.8644589743e-01   1.6923013496e+01  -1.6792226004e-01  -1.6792226004e-01
  -3.7970683207e-01  -3.8195318719e-01   1.7008553928e+01  -1.6289363577e-01  -1.6289363577e-01
  -3.7521412183e-01  -3.7746047695e-01   1.7080693493e+01  -1.5616637611e-01  -1.5616637611e-01
  -3.7072141158e-01  -3.7296776671e-01   1.7140714918e+01  -1.4789442353e-01  -1.4789442353e-01
  -3.6622870134e-01  -3.6847505646e-01   1.7192272040e+01  -1.3791311329e-01  -1.3791311329e-01
  -3.6173599110e-01  -3.6398234622e-01   1.7236567826e+01  -1.2614335709e-01  -1.2614335709e-01
  -3.5724328086e-01  -3.5948963598e-01   1.7273900775e+01  -1.1242733863e-01  -1.1242733863e-01
  -3.5308521124e-01  -3.5499692574e-01   1.7300813151e+01  -9.8484622936e-02  -9.8484622936e-02
  -3.4926178225e-01  -3.5117349675e-01   1.7320166874e+01  -8.4483658250e-02  -8.4483658250e-02
  -3.4543835326e-01  -3.4735006775e-01   1.7334751119e+01  -6.9307392601e-02  -6.9307392601e-02
  -3.4161492426e-01  -3.4352663876e-01   1.7344818778e+01  -5.3128846953e-02  -5.3128846953e-02
  -3.3779149527e-01  -3.3970320976e-01   1.7350624353e+01  -3.6097952387e-02  -3.6097952387e-02
  -3.3396806627e-01  -3.3587978077e-01   1.7352503122e+01  -1.8299822598e-02  -1.8299822598e-02
  -3.3014463728e-01  -3.3205635177e-01   1.7350797869e+01   2.2350584235e-04   2.2350584235e-04
  -3.2632120828e-01  -3.2823292278e-01   1.7345821965e+01   1.9455300491e-02   1.9455300491e-02
  -3.2249777929e-01  -3.2440949378e-01   1.7337858987e+01   3.9384691725e-02   3.9384691725e-02
  -3.1867435029e-01  -3.2058606479e-01   1.7327172543e+01   5.9988448451e-02   5.9988448451e-02
  -3.1485092130e-01  -3.1676263579e-01   1.7314020087e+01   8.1219894481e-02   8.1219894481e-02
  -3.1102749230e-01  -3.1293920680e-01   1.7298676700e+01   1.0298926995e-01   1.0298926995e-01
  -3.0720406331e-01  -3.0911577780e-01   1.7281392981e+01   1.2521933696e-01   1.2521933696e-01
  -3.0338063431e-01  -3.0529234881e-01   1.7262143812e+01   1.4815979621e-01   1.4815979621e-01
  -2.9955720532e-01  -3.0146891981e-01   1.7241440051e+01   1.7140235562e-01   1.7140235562e-01
  -2.9573377632e-01  -2.9764549082e-01   1.7219414826e+01   1.9496861251e-01   1.9496861251e-01
  -2.9211581095e-01  -2.9382206182e-01   1.7197250953e+01   2.1779307472e-01   2.1779307472e-01
  -2.8870330919e-01  -2.9040956007e-01   1.7175718739e+01   2.3935890305e-01   2.3935890305e-01
  -2.8529080744e-01  -2.8699705832e-01   1.7153650091e+01   2.6098023213e-01   2.6098023213e-01
  -2.8187830569e-01  -2.8358455656e-01   1.7131139005e+01   2.8266271174e-01   2.8266271174e-01
  -2.7846580393e-01  -2.8017205481e-01   1.7108327495e+01   3.0435265504e-01   3.0435265504e-01
  -2.7505330218e-01  -2.7675955306e-01   1.7085349048e+01   3.2599938368e-01   3.2599938368e-01
  -2.7164080043e-01  -2.7334705130e-01   1.7062319381e+01   3.4756624947e-01   3.4756624947e-01
  -2.6822829867e-01  -2.6993454955e-01   1.7039345085e+01   3.6902224291e-01   3.6902224291e-01
  -2.6481579692e-01  -2.6652204780e-01   1.7016527931e+01   3.9033792213e-01   3.9033792213e-01
  -2.6140329517e-01  -2.6310954604e-01   1.6993960630e+01   4.1148992963e-01   4.1148992963e-01
  -2.5799079341e-01  -2.5969704429e-01   1.6971705614e+01   4.3248187430e-01   4.3248187430e-01
  -2.5457829166e-01  -2.5628454254e-01   1.6949773193e+01   4.5336522039e-01   4.5336522039e-01
  -2.5116578990e-01  -2.5287204078e-01   1.6928341324e+01   4.7402600053e-01   4.7402600053e-01
  -2.4775328815e-01  -2.4945953903e-01   1.6908273744e+01   4.9368151621e-01   4.9368151621e-01
  -2.4434078640e-01  -2.4604703727e-01   1.6889205078e+01   5.1272334608e-01   5.1272334608e-01
  -2.4092828464e-01  -2.4263453552e-01   1.6870857971e+01   5.3147408996e-01   5.3147408996e-01
  -2.3724272140e-01  -2.3922203377e-01   1.6851733734e+01   5.5157124591e-01   5.5157124591e-01
  -2.3328409668e-01  -2.3526340904e-01   1.6832541057e+01   5.7253164813e-01   5.7253164813e-01
  -2.2932547195e-01  -2.3130478431e-01   1.6814887007e+01   5.9275305163e-01   5.9275305163e-01
  -2.2536684722e-01  -2.2734615959e-01   1.6798916759e+01   6.1215837459e-01   6.1215837459e-01
  -2.2140822250e-01  -2.2338753486e-01   1.6784741729e+01   6.3069591392e-01   6.3069591392e-01
  -2.1744959777e-01  -2.1942891013e-01   1.6772443238e+01   6.4834118060e-01   6.4834118060e-01
  -2.1349097304e-01  -2.1547028541e-01   1.6762096491e+01   6.6507559341e-01   6.6507559341e-01
  -2.0953234832e-01  -2.1151166068e-01   1.6753777629e+01   6.8087794165e-01   6.8087794165e-01
  -2.0557372359e-01  -2.0755303595e-01   1.6747562466e+01   6.9571880955e-01   6.9571880955e-01
  -2.0161509886e-01  -2.0359441123e-01   1.6743521590e+01   7.0955582914e-01   7.0955582914e-01
  -1.9765647414e-01  -1.9963578650e-01   1.6741708887e+01   7.2233166725e-01   7.2233166725e-01
  -1.9369784941e-01  -1.9567716177e-01   1.6742146422e+01   7.3396624061e-01   7.3396624061e-01
  -1.8973922468e-01  -1.9171853705e-01   1.6744834162e+01   7.4439805540e-01   7.4439805540e-01
  -1.8578059996e-01  -1.8775991232e-01   1.6749846841e+01   7.5384479001e-01   7.5384479001e-01
  -1.8182197523e-01  -1.8380128759e-01   1.6757203629e+01   7.6218461941e-01   7.6218461941e-01
  -1.7786335050e-01  -1.7984266287e-01   1.6767055930e+01   7.6946060049e-01   7.6946060049e-01
  -1.7424721788e-01  -1.7588403814e-01   1.6778205475e+01   7.7500128624e-01   7.7500128624e-01
  -1.7097357735e-01  -1.7261039761e-01   1.6790272877e+01   7.7925388809e-01   7.7925388809e-01
  -1.6769993682e-01  -1.6933675709e-01   1.6803933781e+01   7.8262910219e-01   7.8262910219e-01
  -1.6442629630e-01  -1.6606311656e-01   1.6819132106e+01   7.8516078675e-01   7.8516078675e-01
  -1.6115265577e-01  -1.6278947604e-01   1.6835906308e+01   7.8688932929e-01   7.8688932929e-01
  -1.5787901525e-01  -1.5951583551e-01   1.6854268615e+01   7.8782888912e-01   7.8782888912e-01
  -1.5460537472e-01  -1.5624219499e-01   1.6874212762e+01   7.8798212972e-01   7.8798212972e-01
  -1.5133173420e-01  -1.5296855446e-01   1.6895731263e+01   7.8734664270e-01   7.8734664270e-01
  -1.4805809367e-01  -1.4969491393e-01   1.6918827557e+01   7.8591736839e-01   7.8591736839e-01
  -1.4478445315e-01  -1.4642127341e-01   1.6943518655e+01   7.8368760606e-01   7.8368760606e-01
  -1.4151081262e-01  -1.4314763288e-01   1.6969867624e+01   7.8064140522e-01   7.8064140522e-01
  -1.3823717209e-01  -1.3987399236e-01   1.6998176976e+01   7.7671667245e-01   7.7671667245e-01
  -1.3496353157e-01  -1.3660035183e-01   1.7029110475e+01   7.7178548815e-01   7.7178548815e-01
  -1.3168989104e-01  -1.3332671131e-01   1.7061529983e+01   7.6605288203e-01   7.6605288203e-01
  -1.2841625052e-01  -1.3005307078e-01   1.7089776109e+01   7.6055999927e-01   7.6055999927e-01
  -1.2514260999e-01  -1.2677943026e-01   1.7120287311e+01   7.5417326185e-01   7.5417326185e-01
  -1.2084517395e-01  -1.2350578973e-01   1.7163708630e+01   7.4446134140e-01   7.4446134140e-01
  -1.1552394240e-01  -1.1818455817e-01   1.7218150973e+01   7.3131421286e-01   7.3131421286e-01
  -1.1020271084e-01  -1.1286332662e-01   1.7273705474e+01   7.1695553466e-01   7.1695553466e-01
  -1.0488147928e-01  -1.0754209506e-01   1.7331005442e+01   7.0127326971e-01   7.0127326971e-01
  -9.9560247726e-02  -1.0222086350e-01   1.7389993660e+01   6.8432629061e-01   6.8432629061e-01
  -9.4239016169e-02  -9.6899631947e-02   1.7450294295e+01   6.6624986240e-01   6.6624986240e-01
  -8.8917784612e-02  -9.1578400391e-02   1.7511296930e+01   6.4725804002e-01   6.4725804002e-01
  -8.3596553056e-02  -8.6257168834e-02   1.7574779511e+01   6.2681825987e-01   6.2681825987e-01
  -7.8364487278e-02  -8.0935937278e-02   1.7637755103e+01   6.0591175515e-01   6.0591175515e-01
  -7.3221587277e-02  -7.5793037278e-02   1.7699573603e+01   5.8481586068e-01   5.8481586068e-01
  -6.8078687277e-02  -7.0650137277e-02   1.7761343163e+01   5.6319294013e-01   5.6319294013e-01
  -6.2935787277e-02  -6.5507237277e-02   1.7822832487e+01   5.4114224949e-01   5.4114224949e-01
  -5.7792887277e-02  -6.0364337277e-02   1.7883633315e+01   5.1882695435e-01   5.1882695435e-01
  -5.2649987277e-02  -5.5221437277e-02   1.7942758184e+01   4.9663989294e-01   4.9663989294e-01
  -4.7507087277e-02  -5.0078537277e-02   1.7998824313e+01   4.7512400872e-01   4.7512400872e-01
  -4.2364187276e-02  -4.4935637277e-02   1.8058541463e+01   4.5172439124e-01   4.5172439124e-01
  -3.8368068309e-02  -3.9792737276e-02   1.8103278795e+01   4.3381403299e-01   4.3381403299e-01
  -3.5518730373e-02  -3.6943399341e-02   1.8134302825e+01   4.2121644929e-01   4.2121644929e-01
  -3.2669392438e-02  -3.4094061406e-02   1.8164779798e+01   4.0866764142e-01   4.0866764142e-01
  -2.9820054502e-02  -3.1244723470e-02   1.8194930171e+01   3.9608780483e-01   3.9608780483e-01
  -2.6970716567e-02  -2.8395385535e-02   1.8224756426e+01   3.8347893304e-01   3.8347893304e-01
  -2.4121378632e-02  -2.5546047599e-02   1.8254197630e+01   3.7086553635e-01   3.7086553635e-01
  -2.1272040696e-02  -2.2696709664e-02   1.8283223332e+01   3.5825956478e-01   3.5825956478e-01
  -1.8422702761e-02  -1.9847371729e-02   1.8311830577e+01   3.4566277912e-01   3.4566277912e-01
  -1.5573364826e-02  -1.6998033793e-02   1.8340014247e+01   3.3307863216e-01   3.3307863216e-01
  -1.2724026890e-02  -1.4148695858e-02   1.8367760866e+01   3.2051359013e-01   3.2051359013e-01
  -9.8746889548e-03  -1.1299357922e-02   1.8395065869e+01   3.0796896608e-01   3.0796896608e-01
  -7.0253510194e-03  -8.4500199871e-03   1.8421877149e+01   2.9546974132e-01   2.9546974132e-01
  -4.1760130840e-03  -5.6006820517e-03   1.8447814695e+01   2.8320091718e-01   2.8320091718e-01
  -1.3266751486e-03  -2.7513441163e-03   1.8472402648e+01   2.7139288204e-01   2.7139288204e-01
   1.5226627868e-03   9.7993819113e-05   1.8496859274e+01   2.5945313030e-01   2.5945313030e-01
   4.3720007222e-03   2.9473317545e-03   1.8521252966e+01   2.4734280847e-01   2.4734280847e-01
   7.6445801467e-03   5.7966696899e-03   1.8547012818e+01   2.3432765851e-01   2.3432765851e-01
   1.1340401060e-02   9.4924906034e-03   1.8574369072e+01   2.2018456146e-01   2.2018456146e-01
   1.5036221974e-02   1.3188311517e-02   1.8600306674e+01   2.0644262397e-01   2.0644262397e-01
   1.8732042887e-02   1.6884132431e-02   1.8624757595e+01   1.9313187766e-01   1.9313187766e-01
   2.2427863801e-02   2.0579953344e-02   1.8647543873e+01   1.8035136713e-01   1.8035136713e-01
   2.6123684714e-02   2.4275774258e-02   1.8668251417e+01   1.6834738376e-01   1.6834738376e-01
   2.9819505628e-02   2.7971595171e-02   1.8687103662e+01   1.5701119388e-01   1.5701119388e-01
   3.3515326541e-02   3.1667416085e-02   1.8704264590e+01   1.4626070349e-01   1.4626070349e-01
   3.7211147455e-02   3.5363236998e-02   1.8719775188e+01   1.3608155916e-01   1.3608155916e-01
   4.0906968369e-02   3.9059057912e-02   1.8733607593e+01   1.2650236024e-01   1.2650236024e-01
   4.4602789282e-02   4.2754878825e-02   1.8745721812e+01   1.1756031411e-01   1.1756031411e-01
   4.8298610196e-02   4.6450699739e-02   1.8756133202e+01   1.0925362007e-01   1.0925362007e-01
   5.1994431109e-02   5.0146520652e-02   1.8764872949e+01   1.0158509761e-01   1.0158509761e-01
   5.5690252023e-02   5.3842341566e-02   1.8771772349e+01   9.4760811017e-02   9.4760811017e-02
   5.9386072936e-02   5.7538162480e-02   1.8777142249e+01   8.8520717665e-02   8.8520717665e-02
   6.3081893850e-02   6.1233983393e-02   1.8781066419e+01   8.2778933238e-02   8.2778933238e-02
   6.6893312642e-02   6.4929804307e-02   1.8783610707e+01   7.7349460878e-02   7.7349460878e-02
   7.0820329313e-02   6.8856820977e-02   1.8784546957e+01   7.2382712002e-02   7.2382712002e-02
   7.4747345983e-02   7.2783837648e-02   1.8783806655e+01   6.8036153678e-02   6.8036153678e-02
   7.8674362654e-02   7.6710854319e-02   1.8781408407e+01   6.4301775304e-02   6.4301775304e-02
   8.2601379325e-02   8.0637870989e-02   1.8777374769e+01   6.1172684346e-02   6.1172684346e-02
   8.6528395995e-02   8.4564887660e-02   1.8771717092e+01   5.8630361441e-02   5.8630361441e-02
   9.0455412666e-02   8.8491904331e-02   1.8764420811e+01   5.6651228939e-02   5.6651228939e-02
   9.4382429336e-02   9.2418921001e-02   1.8755536859e+01   5.5229290086e-02   5.5229290086e-02
   9.8309446007e-02   9.6345937672e-02   1.8745225282e+01   5.4355944924e-02   5.4355944924e-02
   1.0223646268e-01   1.0027295434e-01   1.8733510868e+01   5.3996239815e-02   5.3996239815e-02
   1.0616347935e-01   1.0419997101e-01   1.8720425743e+01   5.4120746630e-02   5.4120746630e-02
   1.1009049602e-01   1.0812698768e-01   1.8706052584e+01   5.4699670648e-02   5.4699670648e-02
   1.1401751269e-01   1.1205400435e-01   1.8690557274e+01   5.5696940680e-02   5.5696940680e-02
   1.1794452936e-01   1.1598102103e-01   1.8673831828e+01   5.7106617478e-02   5.7106617478e-02
   1.2187154603e-01   1.1990803770e-01   1.8654321250e+01   5.9058193519e-02   5.9058193519e-02
   1.2579856270e-01   1.2383505437e-01   1.8633781080e+01   6.1371730540e-02   6.1371730540e-02
   1.2934185121e-01   1.2776207104e-01   1.8614492524e+01   6.3739652271e-02   6.3739652271e-02
   1.3250141156e-01   1.3092163139e-01   1.8596319875e+01   6.6094212773e-02   6.6094212773e-02
   1.3566097192e-01   1.3408119174e-01   1.8577232366e+01   6.8674058124e-02   6.8674058124e-02
   1.3882053227e-01   1.3724075209e-01   1.8557281401e+01   7.1462130321e-02   7.1462130321e-02
   1.4198009262e-01   1.4040031244e-01   1.8536405378e+01   7.4456304405e-02   7.4456304405e-02
   1.4513965297e-01   1.4355987280e-01   1.8514475960e+01   7.7664301921e-02   7.7664301921e-02
   1.4829921332e-01   1.4671943315e-01   1.8491364337e+01   8.1094145275e-02   8.1094145275e-02
   1.5145877368e-01   1.4987899350e-01   1.8467239761e+01   8.4708628338e-02   8.4708628338e-02
   1.5461833403e-01   1.5303855385e-01   1.8442469555e+01   8.8439083292e-02   8.8439083292e-02
   1.5777789438e-01   1.5619811420e-01   1.8416981301e+01   9.2282036730e-02   9.2282036730e-02
   1.6093745473e-01   1.5935767456e-01   1.8390623086e+01   9.6245198402e-02   9.6245198402e-02
   1.6409701508e-01   1.6251723491e-01   1.8363173149e+01   1.0034498975e-01   1.0034498975e-01
   1.6725657544e-01   1.6567679526e-01   1.8334371569e+01   1.0460256500e-01   1.0460256500e-01
   1.7041613579e-01   1.6883635561e-01   1.8305042010e+01   1.0888178873e-01   1.0888178873e-01
   1.7357569614e-01   1.7199591596e-01   1.8276951688e+01   1.1290129470e-01   1.1290129470e-01
   1.7673525649e-01   1.7515547632e-01   1.8244060909e+01   1.1749516872e-01   1.1749516872e-01
   1.8066802136e-01   1.7831503667e-01   1.8205493264e+01   1.2271711398e-01   1.2271711398e-01
   1.8537399075e-01   1.8302100606e-01   1.8156742733e+01   1.2899855533e-01   1.2899855533e-01
   1.9007996015e-01   1.8772697545e-01   1.8104265011e+01   1.3535030494e-01   1.3535030494e-01
   1.9478592954e-01   1.9243294484e-01   1.8047868979e+01   1.4167801783e-01   1.4167801783e-01
   1.9949189893e-01   1.9713891423e-01   1.7987274760e+01   1.4791560743e-01   1.4791560743e-01
   2.0419786832e-01   2.0184488362e-01   1.7922374158e+01   1.5399717888e-01   1.5399717888e-01
   2.0890383771e-01   2.0655085302e-01   1.7852429095e+01   1.5990945477e-01   1.5990945477e-01
   2.1360980710e-01   2.1125682241e-01   1.7770224951e+01   1.6610652876e-01   1.6610652876e-01
   2.1740600534e-01   2.1596279180e-01   1.7696495945e+01   1.7110846287e-01   1.7110846287e-01
   2.2029243241e-01   2.1884921887e-01   1.7636710875e+01   1.7488517128e-01   1.7488517128e-01
   2.2317885948e-01   2.2173564594e-01   1.7572949063e+01   1.7864508448e-01   1.7864508448e-01
   2.2606528655e-01   2.2462207302e-01   1.7505108767e+01   1.8239422613e-01   1.8239422613e-01
   2.2895171363e-01   2.2750850009e-01   1.7433110852e+01   1.8613098566e-01   1.8613098566e-01
   2.3183814070e-01   2.3039492716e-01   1.7356488337e+01   1.8986633271e-01   1.8986633271e-01
   2.3472456777e-01   2.3328135424e-01   1.7274634993e+01   1.9361357747e-01   1.9361357747e-01
   2.3761099485e-01   2.3616778131e-01   1.7189260633e+01   1.9727548516e-01   1.9727548516e-01
   2.4123476724e-01   2.3905420838e-01   1.7082137599e+01   2.0153488718e-01   2.0153488718e-01
   2.4559588494e-01   2.4341532609e-01   1.6943326721e+01   2.0649623213e-01   2.0649623213e-01
   2.4995700264e-01   2.4777644379e-01   1.6795591366e+01   2.1115648670e-01   2.1115648670e-01
   2.5431812035e-01   2.5213756149e-01   1.6642428957e+01   2.1522767559e-01   2.1522767559e-01
   2.5845239064e-01   2.5649867920e-01   1.6486015755e+01   2.1845070690e-01   2.1845070690e-01
   2.6235981354e-01   2.6040610209e-01   1.6335728966e+01   2.2051283763e-01   2.2051283763e-01
   2.6626723643e-01   2.6431352498e-01   1.6184328861e+01   2.2130879629e-01   2.2130879629e-01
   2.7017465932e-01   2.6822094788e-01   1.6033713325e+01   2.2056039698e-01   2.2056039698e-01
   2.7433968431e-01   2.7212837077e-01   1.5881708040e+01   2.1785135221e-01   2.1785135221e-01
   2.7876231138e-01   2.7655099784e-01   1.5726527513e+01   2.1230055853e-01   2.1230055853e-01
   2.8318493846e-01   2.8097362492e-01   1.5579960634e+01   2.0362032658e-01   2.0362032658e-01
   2.8760756553e-01   2.8539625199e-01   1.5444158047e+01   1.9130864160e-01   1.9130864160e-01
   2.9136555506e-01   2.8981887907e-01   1.5328249925e+01   1.7638055990e-01   1.7638055990e-01
   2.9445890704e-01   2.9291223105e-01   1.5239796667e+01   1.6178984732e-01   1.6178984732e-01
   2.9755225902e-01   2.9600558303e-01   1.5158185352e+01   1.4476451394e-01   1.4476451394e-01
   3.0064561100e-01   2.9909893501e-01   1.5082093868e+01   1.2502973772e-01   1.2502973772e-01
   3.0373896298e-01   3.0219228699e-01   1.5010765015e+01   1.0222382928e-01   1.0222382928e-01
   3.0683231497e-01   3.0528563897e-01   1.4943778250e+01   7.6095924541e-02   7.6095924541e-02
   3.0992566695e-01   3.0837899096e-01   1.4882917629e+01   4.7807653991e-02   4.7807653991e-02
   3.1301901893e-01   3.1147234294e-01   1.4832135440e+01   1.9516024276e-02   1.9516024276e-02
   3.1702305037e-01   3.1456569492e-01   1.4766030051e+01  -2.5268156790e-02  -2.5268156790e-02
   3.2193776127e-01   3.1948040582e-01   1.4696812210e+01  -8.4745323189e-02  -8.4745323189e-02
   3.2685247216e-01   3.2439511671e-01   1.4636338144e+01  -1.4882828041e-01  -1.4882828041e-01
   3.3176718306e-01   3.2930982761e-01   1.4580590555e+01  -2.1788295994e-01  -2.1788295994e-01
   3.3668189396e-01   3.3422453851e-01   1.4526133393e+01  -2.9179332038e-01  -2.9179332038e-01
   3.4159660486e-01   3.3913924941e-01   1.4470176216e+01  -3.6975007692e-01  -3.6975007692e-01
   3.4651131575e-01   3.4405396030e-01   1.4410143096e+01  -4.5068440217e-01  -4.5068440217e-01
   3.5142602665e-01   3.4896867120e-01   1.4341311754e+01  -5.3607467548e-01  -5.3607467548e-01
   3.5546412459e-01   3.5388338210e-01   1.4278584759e+01  -6.0607908074e-01  -6.0607908074e-01
   3.5862560958e-01   3.5704486709e-01   1.4223503011e+01  -6.6253174337e-01  -6.6253174337e-01
   3.6178709457e-01   3.6020635207e-01   1.4162574124e+01  -7.1975829261e-01  -7.1975829261e-01
   3.6494857955e-01   3.6336783706e-01   1.4096411611e+01  -7.7654845970e-01  -7.7654845970e-01
   3.6811006454e-01   3.6652932205e-01   1.4025010012e+01  -8.3224601229e-01  -8.3224601229e-01
   3.7127154953e-01   3.6969080703e-01   1.3947201112e+01  -8.8699832326e-01  -8.8699832326e-01
   3.7443303451e-01   3.7285229202e-01   1.3862142041e+01  -9.4077435235e-01  -9.4077435235e-01
   3.7759451950e-01   3.7601377701e-01   1.3773548164e+01  -9.9123114625e-01  -9.9123114625e-01
   3.8155328021e-01   3.7917526199e-01   1.3669115120e+01  -1.0443279793e+00  -1.0443279793e+00
   3.8630931665e-01   3.8393129843e-01   1.3531050003e+01  -1.1048706909e+00  -1.1048706909e+00
   3.9106535309e-01   3.8868733487e-01   1.3383228817e+01  -1.1603678446e+00  -1.1603678446e+00
   3.9582138953e-01   3.9344337131e-01   1.3230349721e+01  -1.2088828353e+00  -1.2088828353e+00
   4.0058167315e-01   3.9819940775e-01   1.3074029764e+01  -1.2503079269e+00  -1.2503079269e+00
   4.0534620395e-01   4.0296393855e-01   1.2920156874e+01  -1.2837546418e+00  -1.2837546418e+00
   4.1011073475e-01   4.0772846935e-01   1.2772640340e+01  -1.3093430247e+00  -1.3093430247e+00
   4.1487526555e-01   4.1249300015e-01   1.2635511884e+01  -1.3274985923e+00  -1.3274985923e+00
   4.1957012740e-01   4.1725753095e-01   1.2507056426e+01  -1.3395353724e+00  -1.3395353724e+00
   4.2419532029e-01   4.2188272384e-01   1.2394000555e+01  -1.3459649365e+00  -1.3459649365e+00
   4.2882051318e-01   4.2650791673e-01   1.2295772572e+01  -1.3477609147e+00  -1.3477609147e+00
   4.3344570607e-01   4.3113310962e-01   1.2223444076e+01  -1.3457963172e+00  -1.3457963172e+00
   4.3807089896e-01   4.3575830251e-01   1.2175483273e+01  -1.3411441404e+00  -1.3411441404e+00
   4.4269609185e-01   4.4038349540e-01   1.2150820375e+01  -1.3344153004e+00  -1.3344153004e+00
   4.4732128474e-01   4.4500868830e-01   1.2149626367e+01  -1.3258224375e+00  -1.3258224375e+00
   4.5194647763e-01   4.4963388119e-01   1.2173016593e+01  -1.3147858185e+00  -1.3147858185e+00
   4.5587655236e-01   4.5425907408e-01   1.2215947151e+01  -1.3024334257e+00  -1.3024334257e+00
   4.5911150893e-01   4.5749403065e-01   1.2261864101e+01  -1.2910095673e+00  -1.2910095673e+00
   4.6234646550e-01   4.6072898722e-01   1.2316684327e+01  -1.2780824789e+00  -1.2780824789e+00
   4.6558142207e-01   4.6396394379e-01   1.2379387764e+01  -1.2632659070e+00  -1.2632659070e+00
   4.6881637864e-01   4.6719890036e-01   1.2449805478e+01  -1.2460250055e+00  -1.2460250055e+00
   4.7205133521e-01   4.7043385692e-01   1.2529576163e+01  -1.2252879915e+00  -1.2252879915e+00
   4.7528629178e-01   4.7366881349e-01   1.2621526223e+01  -1.1995127995e+00  -1.1995127995e+00
   4.7852124835e-01   4.7690377006e-01   1.2719402778e+01  -1.1697713515e+00  -1.1697713515e+00
   4.8278637522e-01   4.8013872663e-01   1.2831036088e+01  -1.1323737365e+00  -1.1323737365e+00
   4.8808167238e-01   4.8543402380e-01   1.2974762715e+01  -1.0773568903e+00  -1.0773568903e+00
   4.9337696954e-01   4.9072932096e-01   1.3117718701e+01  -1.0144589454e+00  -1.0144589454e+00
   4.9867226670e-01   4.9602461812e-01   1.3252422390e+01  -9.4556950385e-01  -9.4556950385e-01
   5.0294676300e-01   5.0131991529e-01   1.3376701694e+01  -8.7164033650e-01  -8.7164033650e-01
   5.0620045842e-01   5.0457361071e-01   1.3465463514e+01  -8.1282363962e-01  -8.1282363962e-01
   5.0945415385e-01   5.0782730613e-01   1.3547817770e+01  -7.5191218918e-01  -7.5191218918e-01
   5.1270784927e-01   5.1108100156e-01   1.3624412610e+01  -6.8886149549e-01  -6.8886149549e-01
   5.1596154469e-01   5.1433469698e-01   1.3695167065e+01  -6.2401658798e-01  -6.2401658798e-01
   5.1921524012e-01   5.1758839241e-01   1.3759855196e+01  -5.5786633470e-01  -5.5786633470e-01
   5.2246893554e-01   5.2084208783e-01   1.3818512530e+01  -4.9071852158e-01  -4.9071852158e-01
   5.2572263097e-01   5.2409578326e-01   1.3871866381e+01  -4.2215561250e-01  -4.2215561250e-01
   5.2877629586e-01   5.2734947868e-01   1.3917128336e+01  -3.5675964785e-01  -3.5675964785e-01
   5.3162993023e-01   5.3020311305e-01   1.3955382618e+01  -2.9536796034e-01  -2.9536796034e-01
   5.3448356459e-01   5.3305674741e-01   1.3989848166e+01  -2.3398027286e-01  -2.3398027286e-01
   5.3733719896e-01   5.3591038178e-01   1.4020911652e+01  -1.7281872314e-01  -1.7281872314e-01
   5.4019083333e-01   5.3876401614e-01   1.4048981620e+01  -1.1214696818e-01  -1.1214696818e-01
   5.4304446769e-01   5.4161765051e-01   1.4074509348e+01  -5.2242225187e-02  -5.2242225187e-02
   5.4589810206e-01   5.4447128488e-01   1.4098007263e+01   6.6332398089e-03   6.6332398089e-03
   5.4875173642e-01   5.4732491924e-01   1.4120048502e+01   6.4244892626e-02   6.4244892626e-02
   5.5160537079e-01   5.5017855361e-01   1.4141258894e+01   1.2039259501e-01   1.2039259501e-01
   5.5445900516e-01   5.5303218797e-01   1.4162307749e+01   1.7491586029e-01   1.7491586029e-01
   5.5731263952e-01   5.5588582234e-01   1.4183902593e+01   2.2770341614e-01   2.2770341614e-01
   5.6016627389e-01   5.5873945671e-01   1.4206798145e+01   2.7872462788e-01   2.7872462788e-01
   5.6301990825e-01   5.6159309107e-01   1.4231826016e+01   3.2810029900e-01   3.2810029900e-01
   5.6587354262e-01   5.6444672544e-01   1.4259789764e+01   3.7599335313e-01   3.7599335313e-01
   5.6872717699e-01   5.6730035980e-01   1.4290719389e+01   4.2158676988e-01   4.2158676988e-01
   5.7158081135e-01   5.7015399417e-01   1.4323522010e+01   4.6269462852e-01   4.6269462852e-01
   5.7470190353e-01   5.7300762854e-01   1.4362825257e+01   5.0448259711e-01   5.0448259711e-01
   5.7809045352e-01   5.7639617853e-01   1.4411228135e+01   5.4713824971e-01   5.4713824971e-01
   5.8147900351e-01   5.7978472852e-01   1.4465917195e+01   5.8693558713e-01   5.8693558713e-01
   5.8486755351e-01   5.8317327851e-01   1.4527994031e+01   6.2399252343e-01   6.2399252343e-01
   5.8825610350e-01   5.8656182850e-01   1.4599199497e+01   6.5868271562e-01   6.5868271562e-01
   5.9164465349e-01   5.8995037849e-01   1.4679460932e+01   6.9058044117e-01   6.9058044117e-01
   5.9503320348e-01   5.9333892848e-01   1.4767073778e+01   7.1919001051e-01   7.1919001051e-01
   5.9842175347e-01   5.9672747847e-01   1.4860292338e+01   7.4469140050e-01   7.4469140050e-01
   6.0260431596e-01   6.0011602847e-01   1.4969348732e+01   7.6975758259e-01   7.6975758259e-01
   6.0758089096e-01   6.0509260346e-01   1.5109024856e+01   7.9560249315e-01   7.9560249315e-01
   6.1255746595e-01   6.1006917845e-01   1.5255973679e+01   8.1790171200e-01   8.1790171200e-01
   6.1753404094e-01   6.1504575344e-01   1.5405021672e+01   8.3700040691e-01   8.3700040691e-01
   6.2141814971e-01   6.2002232844e-01   1.5519013328e+01   8.4980487328e-01   8.4980487328e-01
   6.2420979226e-01   6.2281397098e-01   1.5609372534e+01   8.5927859648e-01   8.5927859648e-01
   6.2700143480e-01   6.2560561353e-01   1.5690147999e+01   8.6735622433e-01   8.6735622433e-01
   6.2979307735e-01   6.2839725607e-01   1.5771765188e+01   8.7525406373e-01   8.7525406373e-01
   6.3258471989e-01   6.3118889862e-01   1.5844118360e+01   8.8220304988e-01   8.8220304988e-01
   6.3537636244e-01   6.3398054117e-01   1.5914533280e+01   8.8903946831e-01   8.8903946831e-01
   6.3816800498e-01   6.3677218371e-01   1.5976141094e+01   8.9526277754e-01   8.9526277754e-01
   6.4095964753e-01   6.3956382626e-01   1.6033369858e+01   9.0144207694e-01   9.0144207694e-01
   6.4476641452e-01   6.4235546880e-01   1.6100144192e+01   9.0947383450e-01   9.0947383450e-01
   6.4958830596e-01   6.4717736024e-01   1.6160521414e+01   9.1897847304e-01   9.1897847304e-01
   6.5441019740e-01   6.5199925168e-01   1.6194318700e+01   9.2800708895e-01   9.2800708895e-01
   6.5923208884e-01   6.5682114312e-01   1.6199833717e+01   9.3666567632e-01   9.3666567632e-01
   6.6405398028e-01   6.6164303456e-01   1.6176625763e+01   9.4498668767e-01   9.4498668767e-01
   6.6887587172e-01   6.6646492600e-01   1.6125221870e+01   9.5293990274e-01   9.5293990274e-01
   6.7369776315e-01   6.7128681743e-01   1.6047127697e+01   9.6044494593e-01   9.6044494593e-01
   6.7851965459e-01   6.7610870887e-01   1.5944694477e+01   9.6736545153e-01   9.6736545153e-01
   6.8323811581e-01   6.8093060031e-01   1.5822113013e+01   9.7345748164e-01   9.7345748164e-01
   6.8785314679e-01   6.8554563130e-01   1.5685883069e+01   9.7842665763e-01   9.7842665763e-01
   6.9246817778e-01   6.9016066229e-01   1.5537406284e+01   9.8207693775e-01   9.8207693775e-01
   6.9708320877e-01   6.9477569328e-01   1.5381080602e+01   9.8399532751e-01   9.8399532751e-01
   7.0152836323e-01   6.9939072427e-01   1.5220400769e+01   9.8375025313e-01   9.8375025313e-01
   7.0580364115e-01   7.0366600219e-01   1.5066100245e+01   9.8111882567e-01   9.8111882567e-01
   7.1007891907e-01   7.0794128011e-01   1.4914405516e+01   9.7568019127e-01   9.7568019127e-01
   7.1435419698e-01   7.1221655802e-01   1.4769259021e+01   9.6732445525e-01   9.6732445525e-01
   7.1791530446e-01   7.1649183594e-01   1.4663819896e+01   9.5828105341e-01   9.5828105341e-01
   7.2076224149e-01   7.1933877298e-01   1.4573262984e+01   9.4821565508e-01   9.4821565508e-01
   7.2360917852e-01   7.2218571001e-01   1.4494711988e+01   9.3713344743e-01   9.3713344743e-01
   7.2645611555e-01   7.2503264704e-01   1.4415182497e+01   9.2316143945e-01   9.2316143945e-01
   7.2930305258e-01   7.2787958407e-01   1.4346161221e+01   9.0827927505e-01   9.0827927505e-01
   7.3214998962e-01   7.3072652110e-01   1.4277509123e+01   8.9038202863e-01   8.9038202863e-01
   7.3499692665e-01   7.3357345813e-01   1.4217204073e+01   8.7132520112e-01   8.7132520112e-01
   7.3784386368e-01   7.3642039516e-01   1.4156897795e+01   8.4840857625e-01   8.4840857625e-01
   7.4163742492e-01   7.3926733219e-01   1.4082724144e+01   8.1477029413e-01   8.1477029413e-01
   7.4637761038e-01   7.4400751765e-01   1.4001563496e+01   7.6714006841e-01   7.6714006841e-01
   7.5111779583e-01   7.4874770311e-01   1.3930421212e+01   7.1362867122e-01   7.1362867122e-01
   7.5585798129e-01   7.5348788856e-01   1.3867877881e+01   6.5466538215e-01   6.5466538215e-01
   7.6059816675e-01   7.5822807402e-01   1.3811780597e+01   5.9088442029e-01   5.9088442029e-01
   7.6533835220e-01   7.6296825947e-01   1.3759579557e+01   5.2289937221e-01   5.2289937221e-01
   7.7007853766e-01   7.6770844493e-01   1.3707938205e+01   4.5045377957e-01   4.5045377957e-01
   7.7481872311e-01   7.7244863039e-01   1.3652377032e+01   3.7176597466e-01   3.7176597466e-01
   7.7898596260e-01   7.7718881584e-01   1.3601686479e+01   3.0304322799e-01   3.0304322799e-01
   7.8258025613e-01   7.8078310936e-01   1.3552444306e+01   2.4049089520e-01   2.4049089520e-01
   7.8617454965e-01   7.8437740289e-01   1.3496316033e+01   1.7496520722e-01   1.7496520722e-01
   7.8976884317e-01   7.8797169641e-01   1.3433202100e+01   1.0823982589e-01   1.0823982589e-01
   7.9336313669e-01   7.9156598993e-01   1.3364408659e+01   4.2934370349e-02   4.2934370349e-02
   7.9695743021e-01   7.9516028345e-01   1.3288868805e+01  -2.1223052443e-02  -2.1223052443e-02
   8.0055172374e-01   7.9875457698e-01   1.3205331898e+01  -8.4613400999e-02  -8.4613400999e-02
   8.0414601726e-01   8.0234887050e-01   1.3114233844e+01  -1.4641459665e-01  -1.4641459665e-01
   8.0835425609e-01   8.0594316402e-01   1.3007505737e+01  -2.1061523606e-01  -2.1061523606e-01
   8.1317644024e-01   8.1076534817e-01   1.2872691175e+01  -2.7991524135e-01  -2.7991524135e-01
   8.1799862439e-01   8.1558753231e-01   1.2727151719e+01  -3.4305116149e-01  -3.4305116149e-01
   8.2282080854e-01   8.2040971646e-01   1.2572678358e+01  -3.9852165133e-01  -3.9852165133e-01
   8.2718135432e-01   8.2523190061e-01   1.2417064197e+01  -4.4366526727e-01  -4.4366526727e-01
   8.3108026173e-01   8.2913080803e-01   1.2272645869e+01  -4.7787643069e-01  -4.7787643069e-01
   8.3497916915e-01   8.3302971544e-01   1.2123419244e+01  -5.0575639077e-01  -5.0575639077e-01
   8.3887807657e-01   8.3692862286e-01   1.1969456601e+01  -5.2729462525e-01  -5.2729462525e-01
   8.4256156489e-01   8.4082753028e-01   1.1816886813e+01  -5.4198075573e-01  -5.4198075573e-01
   8.4602963412e-01   8.4429559950e-01   1.1669886044e+01  -5.5084103883e-01  -5.5084103883e-01
   8.4949770334e-01   8.4776366873e-01   1.1519873738e+01  -5.5495474590e-01  -5.5495474590e-01
   8.5296577257e-01   8.5123173796e-01   1.1366489254e+01  -5.5466475789e-01  -5.5466475789e-01
   8.5628479965e-01   8.5469980718e-01   1.1214867788e+01  -5.5050715983e-01  -5.5050715983e-01
   8.5945478458e-01   8.5786979211e-01   1.1067074384e+01  -5.4349629949e-01  -5.4349629949e-01
   8.6262476951e-01   8.6103977704e-01   1.0916473483e+01  -5.3381154982e-01  -5.3381154982e-01
   8.6579475444e-01   8.6420976197e-01   1.0762632016e+01  -5.2180590279e-01  -5.2180590279e-01
   8.6884999956e-01   8.6737974690e-01   1.0610265238e+01  -5.0828551423e-01  -5.0828551423e-01
   8.7179050487e-01   8.7032025221e-01   1.0461033563e+01  -4.9393899849e-01  -4.9393899849e-01
   8.7473101018e-01   8.7326075752e-01   1.0309764274e+01  -4.7860540621e-01  -4.7860540621e-01
   8.7767151549e-01   8.7620126283e-01   1.0156553409e+01  -4.6257272677e-01  -4.6257272677e-01
   8.8054435539e-01   8.7914176814e-01   1.0004550353e+01  -4.4642934238e-01  -4.4642934238e-01
   8.8334952987e-01   8.8194694263e-01   9.8535507671e+00  -4.3037974655e-01  -4.3037974655e-01
   8.8615470435e-01   8.8475211711e-01   9.6989820483e+00  -4.1411732192e-01  -4.1411732192e-01
   8.8895987883e-01   8.8755729159e-01   9.5428176941e+00  -3.9799615517e-01  -3.9799615517e-01
   8.9302672370e-01   8.9036246608e-01   9.3238210439e+00  -3.7600158963e-01  -3.7600158963e-01
   8.9835523894e-01   8.9569098132e-01   9.0241620790e+00  -3.4787083748e-01  -3.4787083748e-01
   9.0347758873e-01   9.0101949656e-01   8.7203682037e+00  -3.2167293971e-01  -3.2167293971e-01
   9.0839377307e-01   9.0593568090e-01   8.4169855983e+00  -2.9775363739e-01  -2.9775363739e-01
   9.1310115190e-01   9.1085186524e-01   8.1115715785e+00  -2.7588039326e-01  -2.7588039326e-01
   9.1759972523e-01   9.1535043857e-01   7.8073469012e+00  -2.5597843544e-01  -2.5597843544e-01
   9.2191533175e-01   9.1984901190e-01   7.5011050982e+00  -2.3768907939e-01  -2.3768907939e-01
   9.2604797147e-01   9.2398165161e-01   7.1962396578e+00  -2.2093033643e-01  -2.2093033643e-01
   9.3003150117e-01   9.2811429133e-01   6.8898444759e+00  -2.0540373270e-01  -2.0540373270e-01
   9.3386592085e-01   9.3194871101e-01   6.5845720869e+00  -1.9102984117e-01  -1.9102984117e-01
   9.3758089594e-01   9.3578313068e-01   6.2781586815e+00  -1.7759387640e-01  -1.7759387640e-01
   9.4117642645e-01   9.3937866120e-01   5.9726120097e+00  -1.6503156412e-01  -1.6503156412e-01
   9.4467665980e-01   9.4297419171e-01   5.6662219961e+00  -1.5319171599e-01  -1.5319171599e-01
   9.4808159599e-01   9.4637912789e-01   5.3604906336e+00  -1.4202407032e-01  -1.4202407032e-01
   9.5141041984e-01   9.4978406408e-01   5.0541300906e+00  -1.3142044218e-01  -1.3142044218e-01
   9.5466313135e-01   9.5303677559e-01   4.7482679346e+00  -1.2134107539e-01  -1.2134107539e-01
   9.5785486226e-01   9.5628948711e-01   4.4419286346e+00  -1.1170611634e-01  -1.1170611634e-01
   9.6098561257e-01   9.5942023742e-01   4.1359691170e+00  -1.0248337802e-01  -1.0248337802e-01
   9.6406739159e-01   9.6255098773e-01   3.8296400599e+00  -9.3611732831e-02  -9.3611732831e-02
   9.6710019933e-01   9.6558379546e-01   3.5236050247e+00  -8.5064560100e-02  -8.5064560100e-02
   9.7009374931e-01   9.6861660320e-01   3.2172735160e+00  -7.6793252354e-02  -7.6793252354e-02
   9.7304804153e-01   9.7157089542e-01   2.9111689544e+00  -6.8775373254e-02  -6.8775373254e-02
   9.7597138725e-01   9.7452518764e-01   2.6047693260e+00  -6.0969871183e-02  -6.0969871183e-02
   9.7886378647e-01   9.7741758686e-01   2.2984856237e+00  -5.3357401824e-02  -5.3357401824e-02
   9.8099001931e-01   9.8030998608e-01   2.0712943799e+00  -4.7833904078e-02  -4.7833904078e-02
   9.8246906654e-01   9.8167005255e-01   1.9126901876e+00  -4.4014170441e-02  -4.4014170441e-02
   9.8443774502e-01   9.8326808053e-01   1.7007924617e+00  -3.8963494460e-02  -3.8963494460e-02
   9.8666659923e-01   9.8560740952e-01   1.4597306656e+00  -3.3295732999e-02  -3.3295732999e-02
   9.8874747261e-01   9.8772578894e-01   1.2337791846e+00  -2.8040644134e-02  -2.8040644134e-02
   9.9069109336e-01   9.8976915628e-01   1.0219961313e+00  -2.3159720993e-02  -2.3159720993e-02
   9.9244253491e-01   9.9161303044e-01   8.3061161176e-01  -1.8779942426e-02  -1.8779942426e-02
   9.9407261132e-01   9.9327203937e-01   6.5207627504e-01  -1.4716280713e-02  -1.4716280713e-02
   9.9570982485e-01   9.9487318326e-01   4.7239430249e-01  -1.0644439542e-02  -1.0644439542e-02
   9.9827323322e-01   9.9654646644e-01   1.9052073424e-01  -4.2804990864e-03  -4.2804990864e-03