# time = 1000
#  1_posUnif        2_uvel_mean        3_uvel_rmsf
-1.00000E+00  0.00000E+00  0.00000E+00
-9.94444E-01  9.96982E-01  2.67981E-01
-9.88889E-01  1.97884E+00  5.31141E-01
-9.83333E-01  2.94272E+00  7.86570E-01
-9.77778E-01  3.87770E+00  1.02039E+00
-9.72222E-01  4.77345E+00  1.22176E+00
-9.66667E-01  5.62044E+00  1.38299E+00
-9.61111E-01  6.41110E+00  1.50184E+00
-9.55556E-01  7.14056E+00  1.58124E+00
-9.50000E-01  7.80673E+00  1.62773E+00
-9.44444E-01  8.40986E+00  1.64959E+00
-9.38889E-01  8.95171E+00  1.65536E+00
-9.33333E-01  9.43520E+00  1.65335E+00
-9.27778E-01  9.86411E+00  1.65064E+00
-9.22222E-01  1.02429E+01  1.65275E+00
-9.16667E-01  1.05764E+01  1.66292E+00
-9.11111E-01  1.08698E+01  1.68186E+00
-9.05556E-01  1.11284E+01  1.70824E+00
-9.00000E-01  1.13576E+01  1.73933E+00
-8.94444E-01  1.15622E+01  1.77239E+00
-8.88889E-01  1.17466E+01  1.80504E+00
-8.83333E-01  1.19145E+01  1.83539E+00
-8.77778E-01  1.20691E+01  1.86255E+00
-8.72222E-01  1.22128E+01  1.88607E+00
-8.66667E-01  1.23475E+01  1.90616E+00
-8.61111E-01  1.24749E+01  1.92314E+00
-8.55556E-01  1.25962E+01  1.93731E+00
-8.50000E-01  1.27123E+01  1.94890E+00
-8.44444E-01  1.28238E+01  1.95803E+00
-8.38889E-01  1.29313E+01  1.96494E+00
-8.33333E-01  1.30352E+01  1.96973E+00
-8.27778E-01  1.31356E+01  1.97308E+00
-8.22222E-01  1.32328E+01  1.97520E+00
-8.16667E-01  1.33270E+01  1.97631E+00
-8.11111E-01  1.34182E+01  1.97668E+00
-8.05556E-01  1.35067E+01  1.97653E+00
-8.00000E-01  1.35925E+01  1.97591E+00
-7.94444E-01  1.36757E+01  1.97471E+00
-7.88889E-01  1.37565E+01  1.97314E+00
-7.83333E-01  1.38348E+01  1.97148E+00
-7.77778E-01  1.39108E+01  1.96977E+00
-7.72222E-01  1.39846E+01  1.96801E+00
-7.66667E-01  1.40563E+01  1.96629E+00
-7.61111E-01  1.41261E+01  1.96466E+00
-7.55556E-01  1.41941E+01  1.96309E+00
-7.50000E-01  1.42605E+01  1.96167E+00
-7.44444E-01  1.43254E+01  1.96039E+00
-7.38889E-01  1.43889E+01  1.95935E+00
-7.33333E-01  1.44509E+01  1.95864E+00
-7.27778E-01  1.45116E+01  1.95796E+00
-7.22222E-01  1.45710E+01  1.95719E+00
-7.16667E-01  1.46291E+01  1.95642E+00
-7.11111E-01  1.46860E+01  1.95561E+00
-7.05556E-01  1.47420E+01  1.95473E+00
-7.00000E-01  1.47972E+01  1.95360E+00
-6.94444E-01  1.48517E+01  1.95218E+00
-6.88889E-01  1.49056E+01  1.95081E+00
-6.83333E-01  1.49590E+01  1.94978E+00
-6.77778E-01  1.50118E+01  1.94911E+00
-6.72222E-01  1.50643E+01  1.94891E+00
-6.66667E-01  1.51162E+01  1.94908E+00
-6.61111E-01  1.51678E+01  1.94940E+00
-6.55556E-01  1.52190E+01  1.94958E+00
-6.50000E-01  1.52700E+01  1.94953E+00
-6.44444E-01  1.53208E+01  1.94904E+00
-6.38889E-01  1.53714E+01  1.94820E+00
-6.33333E-01  1.54219E+01  1.94716E+00
-6.27778E-01  1.54723E+01  1.94609E+00
-6.22222E-01  1.55227E+01  1.94497E+00
-6.16667E-01  1.55731E+01  1.94368E+00
-6.11111E-01  1.56236E+01  1.94223E+00
-6.05556E-01  1.56742E+01  1.94047E+00
-6.00000E-01  1.57249E+01  1.93825E+00
-5.94444E-01  1.57757E+01  1.93559E+00
-5.88889E-01  1.58266E+01  1.93266E+00
-5.83333E-01  1.58775E+01  1.92937E+00
-5.77778E-01  1.59286E+01  1.92558E+00
-5.72222E-01  1.59799E+01  1.92115E+00
-5.66667E-01  1.60312E+01  1.91599E+00
-5.61111E-01  1.60828E+01  1.91001E+00
-5.55556E-01  1.61346E+01  1.90332E+00
-5.50000E-01  1.61866E+01  1.89606E+00
-5.44444E-01  1.62387E+01  1.88841E+00
-5.38889E-01  1.62907E+01  1.88048E+00
-5.33333E-01  1.63428E+01  1.87240E+00
-5.27778E-01  1.63948E+01  1.86429E+00
-5.22222E-01  1.64467E+01  1.85622E+00
-5.16667E-01  1.64984E+01  1.84830E+00
-5.11111E-01  1.65497E+01  1.84064E+00
-5.05556E-01  1.66008E+01  1.83321E+00
-5.00000E-01  1.66516E+01  1.82595E+00
-4.94444E-01  1.67021E+01  1.81887E+00
-4.88889E-01  1.67523E+01  1.81191E+00
-4.83333E-01  1.68023E+01  1.80512E+00
-4.77778E-01  1.68519E+01  1.79846E+00
-4.72222E-01  1.69012E+01  1.79204E+00
-4.66667E-01  1.69501E+01  1.78595E+00
-4.61111E-01  1.69985E+01  1.78018E+00
-4.55556E-01  1.70465E+01  1.77477E+00
-4.50000E-01  1.70940E+01  1.76970E+00
-4.44444E-01  1.71411E+01  1.76497E+00
-4.38889E-01  1.71878E+01  1.76051E+00
-4.33333E-01  1.72341E+01  1.75622E+00
-4.27778E-01  1.72801E+01  1.75209E+00
-4.22222E-01  1.73258E+01  1.74812E+00
-4.16667E-01  1.73712E+01  1.74425E+00
-4.11111E-01  1.74163E+01  1.74039E+00
-4.05556E-01  1.74612E+01  1.73650E+00
-4.00000E-01  1.75057E+01  1.73259E+00
-3.94444E-01  1.75500E+01  1.72864E+00
-3.88889E-01  1.75941E+01  1.72458E+00
-3.83333E-01  1.76379E+01  1.72046E+00
-3.77778E-01  1.76816E+01  1.71628E+00
-3.72222E-01  1.77251E+01  1.71211E+00
-3.66667E-01  1.77684E+01  1.70798E+00
-3.61111E-01  1.78115E+01  1.70401E+00
-3.55556E-01  1.78543E+01  1.70031E+00
-3.50000E-01  1.78969E+01  1.69690E+00
-3.44444E-01  1.79392E+01  1.69377E+00
-3.38889E-01  1.79813E+01  1.69088E+00
-3.33333E-01  1.80232E+01  1.68816E+00
-3.27778E-01  1.80648E+01  1.68565E+00
-3.22222E-01  1.81062E+01  1.68337E+00
-3.16667E-01  1.81474E+01  1.68122E+00
-3.11111E-01  1.81883E+01  1.67910E+00
-3.05556E-01  1.82291E+01  1.67693E+00
-3.00000E-01  1.82698E+01  1.67470E+00
-2.94444E-01  1.83103E+01  1.67237E+00
-2.88889E-01  1.83506E+01  1.66990E+00
-2.83333E-01  1.83909E+01  1.66727E+00
-2.77778E-01  1.84310E+01  1.66450E+00
-2.72222E-01  1.84710E+01  1.66163E+00
-2.66667E-01  1.85108E+01  1.65867E+00
-2.61111E-01  1.85505E+01  1.65563E+00
-2.55556E-01  1.85899E+01  1.65244E+00
-2.50000E-01  1.86292E+01  1.64913E+00
-2.44444E-01  1.86682E+01  1.64576E+00
-2.38889E-01  1.87069E+01  1.64237E+00
-2.33333E-01  1.87453E+01  1.63901E+00
-2.27778E-01  1.87833E+01  1.63570E+00
-2.22222E-01  1.88210E+01  1.63242E+00
-2.16667E-01  1.88582E+01  1.62917E+00
-2.11111E-01  1.88950E+01  1.62595E+00
-2.05556E-01  1.89313E+01  1.62270E+00
-2.00000E-01  1.89671E+01  1.61943E+00
-1.94444E-01  1.90025E+01  1.61609E+00
-1.88889E-01  1.90373E+01  1.61272E+00
-1.83333E-01  1.90716E+01  1.60932E+00
-1.77778E-01  1.91053E+01  1.60593E+00
-1.72222E-01  1.91384E+01  1.60253E+00
-1.66667E-01  1.91709E+01  1.59913E+00
-1.61111E-01  1.92026E+01  1.59578E+00
-1.55556E-01  1.92337E+01  1.59250E+00
-1.50000E-01  1.92639E+01  1.58931E+00
-1.44444E-01  1.92934E+01  1.58619E+00
-1.38889E-01  1.93220E+01  1.58312E+00
-1.33333E-01  1.93498E+01  1.58006E+00
-1.27778E-01  1.93767E+01  1.57699E+00
-1.22222E-01  1.94027E+01  1.57394E+00
-1.16667E-01  1.94278E+01  1.57096E+00
-1.11111E-01  1.94519E+01  1.56801E+00
-1.05556E-01  1.94751E+01  1.56507E+00
-1.00000E-01  1.94973E+01  1.56219E+00
-9.44444E-02  1.95185E+01  1.55937E+00
-8.88889E-02  1.95387E+01  1.55665E+00
-8.33333E-02  1.95578E+01  1.55402E+00
-7.77778E-02  1.95757E+01  1.55147E+00
-7.22222E-02  1.95926E+01  1.54901E+00
-6.66667E-02  1.96084E+01  1.54668E+00
-6.11111E-02  1.96230E+01  1.54447E+00
-5.55556E-02  1.96364E+01  1.54239E+00
-5.00000E-02  1.96487E+01  1.54046E+00
-4.44444E-02  1.96598E+01  1.53873E+00
-3.88889E-02  1.96696E+01  1.53719E+00
-3.33333E-02  1.96783E+01  1.53585E+00
-2.77778E-02  1.96857E+01  1.53469E+00
-2.22222E-02  1.96919E+01  1.53376E+00
-1.66667E-02  1.96969E+01  1.53303E+00
-1.11111E-02  1.97006E+01  1.53253E+00
-5.55556E-03  1.97031E+01  1.53225E+00
 0.00000E+00  1.97044E+01  1.53217E+00
 5.55556E-03  1.97045E+01  1.53230E+00
 1.11111E-02  1.97033E+01  1.53260E+00
 1.66667E-02  1.97009E+01  1.53307E+00
 2.22222E-02  1.96973E+01  1.53368E+00
 2.77778E-02  1.96925E+01  1.53445E+00
 3.33333E-02  1.96865E+01  1.53538E+00
 3.88889E-02  1.96793E+01  1.53648E+00
 4.44444E-02  1.96709E+01  1.53775E+00
 5.00000E-02  1.96613E+01  1.53920E+00
 5.55556E-02  1.96505E+01  1.54083E+00
 6.11111E-02  1.96386E+01  1.54265E+00
 6.66667E-02  1.96254E+01  1.54468E+00
 7.22222E-02  1.96111E+01  1.54690E+00
 7.77778E-02  1.95957E+01  1.54930E+00
 8.33333E-02  1.95791E+01  1.55186E+00
 8.88889E-02  1.95614E+01  1.55456E+00
 9.44444E-02  1.95426E+01  1.55738E+00
 1.00000E-01  1.95227E+01  1.56033E+00
 1.05556E-01  1.95018E+01  1.56338E+00
 1.11111E-01  1.94798E+01  1.56653E+00
 1.16667E-01  1.94569E+01  1.56974E+00
 1.22222E-01  1.94331E+01  1.57299E+00
 1.27778E-01  1.94083E+01  1.57631E+00
 1.33333E-01  1.93825E+01  1.57966E+00
 1.38889E-01  1.93559E+01  1.58306E+00
 1.44444E-01  1.93284E+01  1.58650E+00
 1.50000E-01  1.93000E+01  1.58996E+00
 1.55556E-01  1.92709E+01  1.59343E+00
 1.61111E-01  1.92409E+01  1.59694E+00
 1.66667E-01  1.92103E+01  1.60051E+00
 1.72222E-01  1.91789E+01  1.60406E+00
 1.77778E-01  1.91469E+01  1.60761E+00
 1.83333E-01  1.91142E+01  1.61116E+00
 1.88889E-01  1.90809E+01  1.61469E+00
 1.94444E-01  1.90470E+01  1.61817E+00
 2.00000E-01  1.90126E+01  1.62158E+00
 2.05556E-01  1.89776E+01  1.62495E+00
 2.11111E-01  1.89422E+01  1.62829E+00
 2.16667E-01  1.89062E+01  1.63161E+00
 2.22222E-01  1.88697E+01  1.63485E+00
 2.27778E-01  1.88328E+01  1.63802E+00
 2.33333E-01  1.87955E+01  1.64114E+00
 2.38889E-01  1.87577E+01  1.64427E+00
 2.44444E-01  1.87196E+01  1.64742E+00
 2.50000E-01  1.86812E+01  1.65057E+00
 2.55556E-01  1.86424E+01  1.65375E+00
 2.61111E-01  1.86033E+01  1.65692E+00
 2.66667E-01  1.85639E+01  1.66013E+00
 2.72222E-01  1.85242E+01  1.66342E+00
 2.77778E-01  1.84842E+01  1.66679E+00
 2.83333E-01  1.84440E+01  1.67013E+00
 2.88889E-01  1.84037E+01  1.67339E+00
 2.94444E-01  1.83632E+01  1.67650E+00
 3.00000E-01  1.83226E+01  1.67944E+00
 3.05556E-01  1.82819E+01  1.68224E+00
 3.11111E-01  1.82410E+01  1.68495E+00
 3.16667E-01  1.81999E+01  1.68760E+00
 3.22222E-01  1.81587E+01  1.69027E+00
 3.27778E-01  1.81172E+01  1.69299E+00
 3.33333E-01  1.80754E+01  1.69573E+00
 3.38889E-01  1.80334E+01  1.69855E+00
 3.44444E-01  1.79912E+01  1.70146E+00
 3.50000E-01  1.79488E+01  1.70442E+00
 3.55556E-01  1.79062E+01  1.70742E+00
 3.61111E-01  1.78633E+01  1.71055E+00
 3.66667E-01  1.78202E+01  1.71378E+00
 3.72222E-01  1.77769E+01  1.71707E+00
 3.77778E-01  1.77334E+01  1.72043E+00
 3.83333E-01  1.76895E+01  1.72394E+00
 3.88889E-01  1.76454E+01  1.72761E+00
 3.94444E-01  1.76009E+01  1.73145E+00
 4.00000E-01  1.75562E+01  1.73550E+00
 4.05556E-01  1.75112E+01  1.73981E+00
 4.11111E-01  1.74659E+01  1.74430E+00
 4.16667E-01  1.74203E+01  1.74883E+00
 4.22222E-01  1.73745E+01  1.75342E+00
 4.27778E-01  1.73285E+01  1.75819E+00
 4.33333E-01  1.72822E+01  1.76312E+00
 4.38889E-01  1.72356E+01  1.76812E+00
 4.44444E-01  1.71887E+01  1.77305E+00
 4.50000E-01  1.71417E+01  1.77796E+00
 4.55556E-01  1.70945E+01  1.78281E+00
 4.61111E-01  1.70470E+01  1.78761E+00
 4.66667E-01  1.69994E+01  1.79238E+00
 4.72222E-01  1.69515E+01  1.79731E+00
 4.77778E-01  1.69033E+01  1.80250E+00
 4.83333E-01  1.68548E+01  1.80797E+00
 4.88889E-01  1.68060E+01  1.81365E+00
 4.94444E-01  1.67569E+01  1.81944E+00
 5.00000E-01  1.67075E+01  1.82528E+00
 5.05556E-01  1.66578E+01  1.83132E+00
 5.11111E-01  1.66079E+01  1.83754E+00
 5.16667E-01  1.65578E+01  1.84387E+00
 5.22222E-01  1.65074E+01  1.85042E+00
 5.27778E-01  1.64569E+01  1.85732E+00
 5.33333E-01  1.64062E+01  1.86446E+00
 5.38889E-01  1.63553E+01  1.87167E+00
 5.44444E-01  1.63044E+01  1.87880E+00
 5.50000E-01  1.62535E+01  1.88564E+00
 5.55556E-01  1.62025E+01  1.89204E+00
 5.61111E-01  1.61516E+01  1.89801E+00
 5.66667E-01  1.61007E+01  1.90347E+00
 5.72222E-01  1.60500E+01  1.90843E+00
 5.77778E-01  1.59993E+01  1.91300E+00
 5.83333E-01  1.59487E+01  1.91723E+00
 5.88889E-01  1.58981E+01  1.92125E+00
 5.94444E-01  1.58475E+01  1.92512E+00
 6.00000E-01  1.57969E+01  1.92875E+00
 6.05556E-01  1.57464E+01  1.93205E+00
 6.11111E-01  1.56958E+01  1.93511E+00
 6.16667E-01  1.56452E+01  1.93806E+00
 6.22222E-01  1.55943E+01  1.94086E+00
 6.27778E-01  1.55433E+01  1.94353E+00
 6.33333E-01  1.54921E+01  1.94602E+00
 6.38889E-01  1.54406E+01  1.94827E+00
 6.44444E-01  1.53889E+01  1.95020E+00
 6.50000E-01  1.53368E+01  1.95176E+00
 6.55556E-01  1.52845E+01  1.95307E+00
 6.61111E-01  1.52317E+01  1.95408E+00
 6.66667E-01  1.51785E+01  1.95497E+00
 6.72222E-01  1.51247E+01  1.95591E+00
 6.77778E-01  1.50702E+01  1.95723E+00
 6.83333E-01  1.50150E+01  1.95890E+00
 6.88889E-01  1.49592E+01  1.96066E+00
 6.94444E-01  1.49028E+01  1.96232E+00
 7.00000E-01  1.48458E+01  1.96374E+00
 7.05556E-01  1.47883E+01  1.96491E+00
 7.11111E-01  1.47301E+01  1.96561E+00
 7.16667E-01  1.46714E+01  1.96560E+00
 7.22222E-01  1.46119E+01  1.96504E+00
 7.27778E-01  1.45515E+01  1.96423E+00
 7.33333E-01  1.44901E+01  1.96340E+00
 7.38889E-01  1.44275E+01  1.96271E+00
 7.44444E-01  1.43634E+01  1.96226E+00
 7.50000E-01  1.42978E+01  1.96241E+00
 7.55556E-01  1.42305E+01  1.96333E+00
 7.61111E-01  1.41615E+01  1.96499E+00
 7.66667E-01  1.40905E+01  1.96703E+00
 7.72222E-01  1.40177E+01  1.96917E+00
 7.77778E-01  1.39431E+01  1.97119E+00
 7.83333E-01  1.38664E+01  1.97289E+00
 7.88889E-01  1.37878E+01  1.97417E+00
 7.94444E-01  1.37071E+01  1.97524E+00
 8.00000E-01  1.36240E+01  1.97629E+00
 8.05556E-01  1.35384E+01  1.97711E+00
 8.11111E-01  1.34504E+01  1.97770E+00
 8.16667E-01  1.33597E+01  1.97774E+00
 8.22222E-01  1.32662E+01  1.97704E+00
 8.27778E-01  1.31700E+01  1.97561E+00
 8.33333E-01  1.30708E+01  1.97316E+00
 8.38889E-01  1.29683E+01  1.96908E+00
 8.44444E-01  1.28624E+01  1.96282E+00
 8.50000E-01  1.27524E+01  1.95431E+00
 8.55556E-01  1.26379E+01  1.94336E+00
 8.61111E-01  1.25183E+01  1.92960E+00
 8.66667E-01  1.23925E+01  1.91249E+00
 8.72222E-01  1.22594E+01  1.89147E+00
 8.77778E-01  1.21175E+01  1.86664E+00
 8.83333E-01  1.19646E+01  1.83815E+00
 8.88889E-01  1.17983E+01  1.80644E+00
 8.94444E-01  1.16152E+01  1.77246E+00
 9.00000E-01  1.14115E+01  1.73833E+00
 9.05556E-01  1.11826E+01  1.70704E+00
 9.11111E-01  1.09236E+01  1.68157E+00
 9.16667E-01  1.06291E+01  1.66437E+00
 9.22222E-01  1.02939E+01  1.65688E+00
 9.27778E-01  9.91287E+00  1.65810E+00
 9.33333E-01  9.48107E+00  1.66434E+00
 9.38889E-01  8.99403E+00  1.66971E+00
 9.44444E-01  8.44806E+00  1.66653E+00
 9.50000E-01  7.84019E+00  1.64596E+00
 9.55556E-01  7.16889E+00  1.59920E+00
 9.61111E-01  6.43434E+00  1.51851E+00
 9.66667E-01  5.63890E+00  1.39831E+00
 9.72222E-01  4.78736E+00  1.23632E+00
 9.77778E-01  3.88711E+00  1.03424E+00
 9.83333E-01  2.94662E+00  7.97942E-01
 9.88889E-01  1.97869E+00  5.38263E-01
 9.94444E-01  9.94138E-01  2.69442E-01
 1.00000E+00  1.32420E-21  1.48468E-17
