# time = 200
# FINE UNIFORM Grid points = 361
# Pressure (Pa) = 101325
#         1_posUnif              2_Rkk           3_thetaZ           4_thetaY           5_thetaX            6_xmap1            7_xmap2
  -1.0000000000e+00   0.0000000000e+00   0.0000000000e+00   0.0000000000e+00   0.0000000000e+00   0.0000000000e+00   0.0000000000e+00
  -9.9444444444e-01   1.2619179461e-01   2.5093559934e-02  -2.5085663378e-02   7.8508338610e-01   7.4831444760e-01   1.9229626864e-16
  -9.8888888889e-01   4.9260272498e-01   2.2288308339e-02  -2.2282774690e-02   7.8514982026e-01   7.4509555180e-01   0.0000000000e+00
  -9.8333333333e-01   1.0556286826e+00   1.7204036030e-02  -1.7201490576e-02   7.8525018859e-01   7.3796243519e-01   0.0000000000e+00
  -9.7777777778e-01   1.7435514847e+00   1.1291259936e-02  -1.1290540242e-02   7.8533441993e-01   7.2656145465e-01  -3.8459253728e-16
  -9.7222222222e-01   2.4727552581e+00   6.0268454412e-03  -6.0267359893e-03   7.8538000225e-01   7.1040477935e-01   0.0000000000e+00
  -9.6666666667e-01   3.1576108287e+00   1.1675356717e-03  -1.1675348788e-03   7.8539748192e-01   6.9041446749e-01   0.0000000000e+00
  -9.6111111111e-01   3.7330055825e+00  -3.3156614405e-03   3.3156432143e-03   7.8539266671e-01   6.6716218830e-01   1.9229626864e-16
  -9.5555555556e-01   4.1639621600e+00  -6.8548089374e-03   6.8546479003e-03   7.8537466963e-01   6.4143462158e-01   0.0000000000e+00
  -9.5000000000e-01   4.4443432201e+00  -9.4221536198e-03   9.4217354165e-03   7.8535377629e-01   6.1469749385e-01   0.0000000000e+00
  -9.4444444444e-01   4.5920377076e+00  -1.0774694812e-02   1.0774069438e-02   7.8534011867e-01   5.8808177318e-01   0.0000000000e+00
  -9.3888888889e-01   4.6359153726e+00  -1.0292728876e-02   1.0292183721e-02   7.8534519512e-01   5.6298307750e-01   1.9229626864e-16
  -9.3333333333e-01   4.6081525870e+00  -7.6477444341e-03   7.6475207950e-03   7.8536892007e-01   5.4003447812e-01  -1.9229626864e-16
  -9.2777777778e-01   4.5385050918e+00  -3.0213124573e-03   3.0212986697e-03   7.8539359925e-01   5.2033460871e-01   0.0000000000e+00
  -9.2222222222e-01   4.4508289102e+00   2.2396858915e-03  -2.2396802798e-03   7.8539565541e-01   5.0571923737e-01   1.9229626864e-16
  -9.1666666667e-01   4.3630928131e+00   7.0585274134e-03  -7.0583515905e-03   7.8537325250e-01   4.9629980238e-01   1.9229626864e-16
  -9.1111111111e-01   4.2805514682e+00   1.2149090407e-02  -1.2148193917e-02   7.8532436680e-01   4.9211358469e-01  -3.8459253728e-16
  -9.0555555556e-01   4.2084089316e+00   1.6574070791e-02  -1.6571794839e-02   7.8526082607e-01   4.9208094350e-01   0.0000000000e+00
  -9.0000000000e-01   4.1590515556e+00   1.9312210261e-02  -1.9308609957e-02   7.8521170583e-01   4.9586806032e-01   0.0000000000e+00
  -8.9444444444e-01   4.1388597259e+00   2.0129498578e-02  -2.0125421663e-02   7.8519559241e-01   5.0351102812e-01   0.0000000000e+00
  -8.8888888889e-01   4.1401787394e+00   1.9369991379e-02  -1.9366358668e-02   7.8521058866e-01   5.1410426913e-01   0.0000000000e+00
  -8.8333333333e-01   4.1522512515e+00   1.6353538856e-02  -1.6351352542e-02   7.8526445625e-01   5.2639483412e-01   1.9229626864e-16
  -8.7777777778e-01   4.1635111732e+00   1.0960562757e-02  -1.0959904458e-02   7.8533809881e-01   5.3893357641e-01   1.9229626864e-16
  -8.7222222222e-01   4.1712371204e+00   4.3081286049e-03  -4.3080886245e-03   7.8538888357e-01   5.5053090636e-01   0.0000000000e+00
  -8.6666666667e-01   4.1854500924e+00  -3.2823051338e-03   3.2822874704e-03   7.8539277667e-01   5.6192626365e-01  -3.8459253728e-16
  -8.6111111111e-01   4.2182088186e+00  -1.1743687587e-02   1.1742877871e-02   7.8532920954e-01   5.7401629352e-01   0.0000000000e+00
  -8.5555555556e-01   4.2673721548e+00  -1.9544844086e-02   1.9541112126e-02   7.8520718724e-01   5.8662620850e-01   0.0000000000e+00
  -8.5000000000e-01   4.3255429330e+00  -2.5601497631e-02   2.5593111772e-02   7.8507051664e-01   5.9874411744e-01   0.0000000000e+00
  -8.4444444444e-01   4.3823097308e+00  -3.0466836503e-02   3.0452706263e-02   7.8493419285e-01   6.0976048697e-01   0.0000000000e+00
  -8.3888888889e-01   4.4289342531e+00  -3.4665148506e-02   3.4644339290e-02   7.8479756769e-01   6.1966286448e-01  -3.8459253728e-16
  -8.3333333333e-01   4.4577461874e+00  -3.7776866942e-02   3.7749940407e-02   7.8468495672e-01   6.2794842577e-01   0.0000000000e+00
  -8.2777777778e-01   4.4628332211e+00  -3.9731235022e-02   3.9699912876e-02   7.8460929288e-01   6.3429506477e-01   0.0000000000e+00
  -8.2222222222e-01   4.4357716078e+00  -4.0164020724e-02   4.0131664709e-02   7.8459202239e-01   6.3843820048e-01   3.8459253728e-16
  -8.1666666667e-01   4.3863332956e+00  -3.8332793119e-02   3.8304660949e-02   7.8466382137e-01   6.4027465479e-01   0.0000000000e+00
  -8.1111111111e-01   4.3345886170e+00  -3.3564388197e-02   3.3545498044e-02   7.8483509072e-01   6.4104443137e-01   0.0000000000e+00
  -8.0555555556e-01   4.2968446527e+00  -2.6174446471e-02   2.6165484920e-02   7.8505569079e-01   6.4256010276e-01  -3.8459253728e-16
  -8.0000000000e-01   4.2789286626e+00  -1.7156119895e-02   1.7153595683e-02   7.8525101159e-01   6.4613657287e-01  -3.8459253728e-16
  -7.9444444444e-01   4.2825005920e+00  -8.0678413947e-03   8.0675788491e-03   7.8536561916e-01   6.5213530455e-01  -1.9229626864e-16
  -7.8888888889e-01   4.3039533369e+00  -5.9765976152e-04   5.9765972245e-04   7.8539798482e-01   6.5985039895e-01   0.0000000000e+00
  -7.8333333333e-01   4.3397107409e+00   5.0387017606e-03  -5.0386378043e-03   7.8538546922e-01   6.6798998014e-01   1.9229626864e-16
  -7.7777777778e-01   4.3692441410e+00   9.1694861210e-03  -9.1691006705e-03   7.8535612490e-01   6.7587982158e-01  -3.8459253728e-16
  -7.7222222222e-01   4.3858452736e+00   1.2122907328e-02  -1.2122016618e-02   7.8532468453e-01   6.8330975543e-01   0.0000000000e+00
  -7.6666666667e-01   4.3798515690e+00   1.3768105736e-02  -1.3766800992e-02   7.8530338911e-01   6.9002465835e-01   0.0000000000e+00
  -7.6111111111e-01   4.3455515198e+00   1.4345926764e-02  -1.4344450772e-02   7.8529526773e-01   6.9562609142e-01  -3.8459253728e-16
  -7.5555555556e-01   4.2835249969e+00   1.4374045069e-02  -1.4372560384e-02   7.8529486391e-01   7.0031124957e-01  -7.6918507455e-16
  -7.5000000000e-01   4.2000872021e+00   1.4515842418e-02  -1.4514313364e-02   7.8529281596e-01   7.0384951959e-01   1.9229626864e-16
  -7.4444444444e-01   4.1111471420e+00   1.5051234688e-02  -1.5049530148e-02   7.8528490216e-01   7.0661761882e-01   1.9229626864e-16
  -7.3888888889e-01   4.0347985679e+00   1.5564814193e-02  -1.5562929167e-02   7.8527704153e-01   7.0890484197e-01   1.9229626864e-16
  -7.3333333333e-01   3.9847949209e+00   1.5661446219e-02  -1.5659525868e-02   7.8527553296e-01   7.1107211224e-01   0.0000000000e+00
  -7.2777777778e-01   3.9571739135e+00   1.5767951026e-02  -1.5765991236e-02   7.8527385958e-01   7.1397786444e-01   0.0000000000e+00
  -7.2222222222e-01   3.9452129993e+00   1.5730519980e-02  -1.5728574113e-02   7.8527444898e-01   7.1841945463e-01  -3.8459253728e-16
  -7.1666666667e-01   3.9447925579e+00   1.5096890007e-02  -1.5095169913e-02   7.8528421406e-01   7.2430367253e-01  -3.8459253728e-16
  -7.1111111111e-01   3.9489637111e+00   1.3266039079e-02  -1.3264871917e-02   7.8531017475e-01   7.3070187503e-01   0.0000000000e+00
  -7.0555555556e-01   3.9597813788e+00   1.0195015918e-02  -1.0194486137e-02   7.8534619604e-01   7.3646666320e-01  -1.9229626864e-16
  -7.0000000000e-01   3.9740492054e+00   6.5932590222e-03  -6.5931157199e-03   7.8537642826e-01   7.4171703200e-01   3.8459253728e-16
  -6.9444444444e-01   3.9891989561e+00   3.3695019542e-03  -3.3694828258e-03   7.8539248673e-01   7.4681095421e-01   0.0000000000e+00
  -6.8888888889e-01   4.0087923429e+00   7.4657094303e-04  -7.4657074727e-04   7.8539788480e-01   7.5202864811e-01   1.9229626864e-16
  -6.8333333333e-01   4.0352479145e+00  -1.0648229250e-03   1.0648223693e-03   7.8539759648e-01   7.5738343063e-01   0.0000000000e+00
  -6.7777777778e-01   4.0658516688e+00  -2.1475739614e-03   2.1475690102e-03   7.8539585747e-01   7.6243636285e-01  -3.8459253728e-16
  -6.7222222222e-01   4.0929816895e+00  -2.9752508144e-03   2.9752376502e-03   7.8539373740e-01   7.6628382260e-01   0.0000000000e+00
  -6.6666666667e-01   4.1029589868e+00  -3.3699485983e-03   3.3699294744e-03   7.8539248523e-01   7.6882079046e-01   0.0000000000e+00
  -6.6111111111e-01   4.0895748013e+00  -3.1340706883e-03   3.1340553065e-03   7.8539325218e-01   7.6948414594e-01  -3.8459253728e-16
  -6.5555555556e-01   4.0624655061e+00  -2.2034338340e-03   2.2034284892e-03   7.8539573589e-01   7.6946353120e-01   1.9229626864e-16
  -6.5000000000e-01   4.0343339813e+00  -1.0078136970e-03   1.0078132392e-03   7.8539765552e-01   7.6973667476e-01  -3.8459253728e-16
  -6.4444444444e-01   4.0104263793e+00  -1.4409155157e-04   1.4409198736e-04   7.8539815308e-01   7.7004864470e-01  -3.8459253728e-16
  -6.3888888889e-01   3.9940928053e+00   2.6229304015e-04  -2.6229382936e-04   7.8539812908e-01   7.7114967532e-01   0.0000000000e+00
  -6.3333333333e-01   3.9894212687e+00   1.2211694054e-04  -1.2211731011e-04   7.8539815598e-01   7.7276608273e-01   0.0000000000e+00
  -6.2777777778e-01   3.9966703903e+00  -3.1328045840e-04   3.1328058076e-04   7.8539811439e-01   7.7499976743e-01   0.0000000000e+00
  -6.2222222222e-01   4.0105733888e+00  -8.6564023679e-04   8.6563996454e-04   7.8539778875e-01   7.7719272499e-01  -1.9229626864e-16
  -6.1666666667e-01   4.0292655819e+00  -1.3492600958e-03   1.3492588860e-03   7.8539725311e-01   7.7877422127e-01   0.0000000000e+00
  -6.1111111111e-01   4.0486747467e+00  -2.0059627411e-03   2.0059587265e-03   7.8539615150e-01   7.7972476420e-01   0.0000000000e+00
  -6.0555555556e-01   4.0695243848e+00  -2.6387675465e-03   2.6387583594e-03   7.8539468195e-01   7.8043964939e-01  -1.9229626864e-16
  -6.0000000000e-01   4.0852592754e+00  -2.8141648271e-03   2.8141537036e-03   7.8539420365e-01   7.8074466023e-01  -3.8459253728e-16
  -5.9444444444e-01   4.0976978321e+00  -2.9773491671e-03   2.9773359859e-03   7.8539373116e-01   7.8050835087e-01  -3.8459253728e-16
  -5.8888888889e-01   4.1108117871e+00  -3.4224326141e-03   3.4224125774e-03   7.8539230697e-01   7.8032505560e-01   0.0000000000e+00
  -5.8333333333e-01   4.1246292064e+00  -4.4624067576e-03   4.4623623332e-03   7.8538820694e-01   7.8056824944e-01  -1.9229626864e-16
  -5.7777777778e-01   4.1386338041e+00  -6.1518056854e-03   6.1516892806e-03   7.8537924133e-01   7.8152926799e-01  -1.9229626864e-16
  -5.7222222222e-01   4.1527041890e+00  -7.8473035622e-03   7.8470619631e-03   7.8536737391e-01   7.8317803026e-01   0.0000000000e+00
  -5.6666666667e-01   4.1699126361e+00  -8.9797161227e-03   8.9793541139e-03   7.8535784680e-01   7.8532015763e-01  -1.9229626864e-16
  -5.6111111111e-01   4.1876116529e+00  -9.5007870539e-03   9.5003582927e-03   7.8535303239e-01   7.8733692678e-01  -3.8459253728e-16
  -5.5555555556e-01   4.1951398603e+00  -9.9998832460e-03   9.9993833052e-03   7.8534816624e-01   7.8874774519e-01   0.0000000000e+00
  -5.5000000000e-01   4.1905921716e+00  -1.1002934864e-02   1.1002268901e-02   7.8533763359e-01   7.8969648860e-01   0.0000000000e+00
  -5.4444444444e-01   4.1745326963e+00  -1.2488777230e-02   1.2487803316e-02   7.8532018270e-01   7.9072013258e-01   3.8459253728e-16
  -5.3888888889e-01   4.1463914754e+00  -1.3871564188e-02   1.3870229727e-02   7.8530195947e-01   7.9138669725e-01   0.0000000000e+00
  -5.3333333333e-01   4.1079152057e+00  -1.5062177895e-02   1.5060470187e-02   7.8528473743e-01   7.9176740281e-01  -3.8459253728e-16
  -5.2777777778e-01   4.0614052189e+00  -1.6317838664e-02   1.6315666461e-02   7.8526503934e-01   7.9217563852e-01   1.9229626864e-16
  -5.2222222222e-01   4.0161263187e+00  -1.7772028221e-02   1.7769223210e-02   7.8524025751e-01   7.9263469345e-01  -3.8459253728e-16
  -5.1666666667e-01   3.9783794615e+00  -1.9316078613e-02   1.9312476552e-02   7.8521163120e-01   7.9273252476e-01   4.8074067160e-16
  -5.1111111111e-01   3.9509600451e+00  -2.1178315465e-02   2.1173567578e-02   7.8517393649e-01   7.9210909857e-01   0.0000000000e+00
  -5.0555555556e-01   3.9303863406e+00  -2.2891916676e-02   2.2885921439e-02   7.8513618933e-01   7.9067653548e-01   1.9229626864e-16
  -5.0000000000e-01   3.9138945252e+00  -2.4495235720e-02   2.4487890139e-02   7.8509821517e-01   7.8851273709e-01   0.0000000000e+00
  -4.9444444444e-01   3.8987641362e+00  -2.6132082993e-02   2.6123164824e-02   7.8505679831e-01   7.8646679028e-01   0.0000000000e+00
  -4.8888888889e-01   3.8840054682e+00  -2.7559948041e-02   2.7549487748e-02   7.8501848410e-01   7.8494875817e-01  -1.9229626864e-16
  -4.8333333333e-01   3.8669401484e+00  -2.8790099715e-02   2.8778175935e-02   7.8498384291e-01   7.8456175734e-01   0.0000000000e+00
  -4.7777777778e-01   3.8470072010e+00  -2.9270357358e-02   2.9257826711e-02   7.8496990884e-01   7.8527354091e-01  -3.8459253728e-16
  -4.7222222222e-01   3.8219328242e+00  -2.8590504805e-02   2.8578827194e-02   7.8498956625e-01   7.8681926895e-01   0.0000000000e+00
  -4.6666666667e-01   3.7932262913e+00  -2.7246479739e-02   2.7236371755e-02   7.8502706984e-01   7.8854424443e-01   0.0000000000e+00
  -4.6111111111e-01   3.7627824507e+00  -2.5730405930e-02   2.5721892662e-02   7.8506720956e-01   7.9049446778e-01  -3.8459253728e-16
  -4.5555555556e-01   3.7283920409e+00  -2.4160708754e-02   2.4153660304e-02   7.8510635029e-01   7.9311168951e-01   0.0000000000e+00
  -4.5000000000e-01   3.6892989274e+00  -2.2869007008e-02   2.2863029873e-02   7.8513671321e-01   7.9640531755e-01   0.0000000000e+00
  -4.4444444444e-01   3.6481143627e+00  -2.1615616203e-02   2.1610568444e-02   7.8516458244e-01   8.0043109227e-01   0.0000000000e+00
  -4.3888888889e-01   3.6068418081e+00  -2.0442949664e-02   2.0438679266e-02   7.8518923549e-01   8.0503189034e-01   0.0000000000e+00
  -4.3333333333e-01   3.5666960201e+00  -1.9425215615e-02   1.9421551694e-02   7.8520951767e-01   8.1005826819e-01   0.0000000000e+00
  -4.2777777778e-01   3.5295643519e+00  -1.8653431711e-02   1.8650187831e-02   7.8522420840e-01   8.1505375058e-01   1.9229626864e-16
  -4.2222222222e-01   3.4970713042e+00  -1.7963962728e-02   1.7961065582e-02   7.8523682874e-01   8.1938733113e-01  -3.8459253728e-16
  -4.1666666667e-01   3.4706988632e+00  -1.7453517980e-02   1.7450860431e-02   7.8524586628e-01   8.2264377012e-01   1.9229626864e-16
  -4.1111111111e-01   3.4502036884e+00  -1.7207096437e-02   1.7204550420e-02   7.8525013590e-01   8.2490560851e-01   4.8074067160e-16
  -4.0555555556e-01   3.4341982522e+00  -1.7367892386e-02   1.7365273173e-02   7.8524735670e-01   8.2642607341e-01   0.0000000000e+00
  -4.0000000000e-01   3.4212896136e+00  -1.7575168552e-02   1.7572455247e-02   7.8524373601e-01   8.2730886587e-01  -1.9229626864e-16
  -3.9444444444e-01   3.4119468324e+00  -1.7987765842e-02   1.7984857243e-02   7.8523640108e-01   8.2780924453e-01   1.9229626864e-16
  -3.8888888889e-01   3.4029297569e+00  -1.8633270122e-02   1.8630036713e-02   7.8522458420e-01   8.2813047562e-01   3.8459253728e-16
  -3.8333333333e-01   3.3945865707e+00  -1.9397064223e-02   1.9393417113e-02   7.8521006404e-01   8.2819153090e-01  -3.8459253728e-16
  -3.7777777778e-01   3.3870748704e+00  -2.0243477104e-02   2.0239330987e-02   7.8519329218e-01   8.2818948839e-01   0.0000000000e+00
  -3.7222222222e-01   3.3797643799e+00  -2.0816369562e-02   2.0811860703e-02   7.8518153411e-01   8.2795266044e-01   0.0000000000e+00
  -3.6666666667e-01   3.3687798316e+00  -2.0921890214e-02   2.0917312461e-02   7.8517933254e-01   8.2757099031e-01   0.0000000000e+00
  -3.6111111111e-01   3.3538876958e+00  -2.0708116486e-02   2.0703678690e-02   7.8518378108e-01   8.2755221175e-01   1.9229626864e-16
  -3.5555555556e-01   3.3347327926e+00  -2.0555724612e-02   2.0551383784e-02   7.8518692429e-01   8.2813871094e-01   0.0000000000e+00
  -3.5000000000e-01   3.3119004277e+00  -2.0459354790e-02   2.0455074106e-02   7.8518890003e-01   8.2926095762e-01   0.0000000000e+00
  -3.4444444444e-01   3.2855445040e+00  -2.0079875970e-02   2.0075829209e-02   7.8519658982e-01   8.3063446915e-01   0.0000000000e+00
  -3.3888888889e-01   3.2559189336e+00  -1.9340802436e-02   1.9337186744e-02   7.8521115342e-01   8.3225049396e-01   0.0000000000e+00
  -3.3333333333e-01   3.2234256021e+00  -1.8351812266e-02   1.8348723061e-02   7.8522978776e-01   8.3399241931e-01   0.0000000000e+00
  -3.2777777778e-01   3.1906363926e+00  -1.7190827640e-02   1.7188288490e-02   7.8525041578e-01   8.3553875665e-01   0.0000000000e+00
  -3.2222222222e-01   3.1577797454e+00  -1.6102654454e-02   1.6100567471e-02   7.8526852684e-01   8.3702764922e-01   1.9229626864e-16
  -3.1666666667e-01   3.1259750265e+00  -1.5150006375e-02   1.5148267581e-02   7.8528341080e-01   8.3840337883e-01   0.0000000000e+00
  -3.1111111111e-01   3.0967571061e+00  -1.4511907625e-02   1.4510379688e-02   7.8529287315e-01   8.3946824415e-01   0.0000000000e+00
  -3.0555555556e-01   3.0705690389e+00  -1.4283900983e-02   1.4282445150e-02   7.8529615539e-01   8.4018773409e-01   0.0000000000e+00
  -3.0000000000e-01   3.0467906561e+00  -1.4467551028e-02   1.4466037134e-02   7.8529351573e-01   8.4064280592e-01   0.0000000000e+00
  -2.9444444444e-01   3.0262489633e+00  -1.4895743683e-02   1.4894091481e-02   7.8528723007e-01   8.4068052286e-01   4.8074067160e-16
  -2.8888888889e-01   3.0093401745e+00  -1.5345912501e-02   1.5344105497e-02   7.8528042420e-01   8.4027828681e-01   0.0000000000e+00
  -2.8333333333e-01   2.9958480621e+00  -1.5799894607e-02   1.5797923228e-02   7.8527335555e-01   8.3946266784e-01   0.0000000000e+00
  -2.7777777778e-01   2.9837165024e+00  -1.6242587250e-02   1.6240444974e-02   7.8526626418e-01   8.3850320367e-01  -3.8459253728e-16
  -2.7222222222e-01   2.9712185219e+00  -1.6534007051e-02   1.6531747647e-02   7.8526148921e-01   8.3765540650e-01   1.9229626864e-16
  -2.6666666667e-01   2.9578428018e+00  -1.6538140684e-02   1.6535880451e-02   7.8526142092e-01   8.3696809233e-01   0.0000000000e+00
  -2.6111111111e-01   2.9453054070e+00  -1.6291098851e-02   1.6288937252e-02   7.8526547517e-01   8.3632642924e-01  -3.8459253728e-16
  -2.5555555556e-01   2.9328328994e+00  -1.5802783459e-02   1.5800811359e-02   7.8527330991e-01   8.3575318930e-01   1.9229626864e-16
  -2.5000000000e-01   2.9190040768e+00  -1.5060955674e-02   1.5059248769e-02   7.8528475577e-01   8.3527296515e-01   0.0000000000e+00
  -2.4444444444e-01   2.9026728193e+00  -1.4150293297e-02   1.4148878248e-02   7.8529805466e-01   8.3501699413e-01  -3.8459253728e-16
  -2.3888888889e-01   2.8841063037e+00  -1.3198685586e-02   1.3197537150e-02   7.8531106589e-01   8.3503427611e-01   0.0000000000e+00
  -2.3333333333e-01   2.8638028194e+00  -1.2298218296e-02   1.2297289780e-02   7.8532254420e-01   8.3541829128e-01   0.0000000000e+00
  -2.2777777778e-01   2.8417110562e+00  -1.1536655976e-02   1.1535889131e-02   7.8533161919e-01   8.3617394830e-01   0.0000000000e+00
  -2.2222222222e-01   2.8177628402e+00  -1.1063350315e-02   1.1062673099e-02   7.8533696711e-01   8.3737924651e-01   0.0000000000e+00
  -2.1666666667e-01   2.7926246745e+00  -1.0786063257e-02   1.0785435921e-02   7.8533999607e-01   8.3892406041e-01   0.0000000000e+00
  -2.1111111111e-01   2.7678039451e+00  -1.0458121457e-02   1.0457549615e-02   7.8534347922e-01   8.4064237233e-01   1.9229626864e-16
  -2.0555555556e-01   2.7438612562e+00  -9.8910927457e-03   9.8906089317e-03   7.8534924823e-01   8.4248612243e-01  -5.7688880592e-16
  -2.0000000000e-01   2.7216497017e+00  -9.0283128256e-03   9.0279447720e-03   7.8535740934e-01   8.4448192151e-01   0.0000000000e+00
  -1.9444444444e-01   2.7025185340e+00  -8.0733800533e-03   8.0731169596e-03   7.8536557440e-01   8.4659928593e-01   0.0000000000e+00
  -1.8888888889e-01   2.6868319757e+00  -7.0365354023e-03   7.0363612096e-03   7.8537340740e-01   8.4874030478e-01   0.0000000000e+00
  -1.8333333333e-01   2.6732301255e+00  -5.7576181473e-03   5.7575227224e-03   7.8538158856e-01   8.5085659146e-01  -3.8459253728e-16
  -1.7777777778e-01   2.6621424986e+00  -4.1671091392e-03   4.1670729686e-03   7.8538948114e-01   8.5299108608e-01   0.0000000000e+00
  -1.7222222222e-01   2.6532405037e+00  -2.4197934055e-03   2.4197863237e-03   7.8539523568e-01   8.5504700413e-01   0.0000000000e+00
  -1.6666666667e-01   2.6459278354e+00  -6.3094052570e-04   6.3094045750e-04   7.8539796439e-01   8.5703280184e-01  -3.8459253728e-16
  -1.6111111111e-01   2.6396296565e+00   1.1219878911e-03  -1.1219872225e-03   7.8539753402e-01   8.5899038116e-01   0.0000000000e+00
  -1.5555555556e-01   2.6330478343e+00   2.5934272735e-03  -2.5934185709e-03   7.8539480047e-01   8.6119288939e-01   0.0000000000e+00
  -1.5000000000e-01   2.6260835483e+00   3.8182811065e-03  -3.8182532792e-03   7.8539087389e-01   8.6354428565e-01  -3.8459253728e-16
  -1.4444444444e-01   2.6190936823e+00   4.8458142330e-03  -4.8457573500e-03   7.8538642254e-01   8.6594675571e-01   0.0000000000e+00
  -1.3888888889e-01   2.6120687923e+00   5.8413990413e-03  -5.8412993899e-03   7.8538110261e-01   8.6835361932e-01   1.9229626864e-16
  -1.3333333333e-01   2.6050698470e+00   6.8109964599e-03  -6.8108382029e-03   7.8537496902e-01   8.7076114683e-01   0.0000000000e+00
  -1.2777777778e-01   2.5971926517e+00   7.6480205041e-03  -7.6477967921e-03   7.8536891791e-01   8.7328030832e-01  -3.8459253728e-16
  -1.2222222222e-01   2.5880247428e+00   8.2821013776e-03  -8.2818172187e-03   7.8536386768e-01   8.7595337574e-01   1.9229626864e-16
  -1.1666666667e-01   2.5781695750e+00   8.7859705391e-03  -8.7856348044e-03   7.8535956781e-01   8.7867314700e-01   1.9229626864e-16
  -1.1111111111e-01   2.5683124037e+00   9.2617632231e-03  -9.2613689772e-03   7.8535527457e-01   8.8129078845e-01   1.9229626864e-16
  -1.0555555556e-01   2.5588893871e+00   9.6973170940e-03  -9.6968635731e-03   7.8535114598e-01   8.8374567100e-01   0.0000000000e+00
  -1.0000000000e-01   2.5500133187e+00   1.0075955200e-02  -1.0075445164e-02   7.8534740266e-01   8.8607322174e-01   0.0000000000e+00
  -9.4444444444e-02   2.5421193195e+00   1.0384245032e-02  -1.0383684997e-02   7.8534424913e-01   8.8821319659e-01  -3.8459253728e-16
  -8.8888888889e-02   2.5354448100e+00   1.0632330007e-02  -1.0631730872e-02   7.8534164237e-01   8.9010378507e-01   3.8459253728e-16
  -8.3333333333e-02   2.5301602656e+00   1.0828125592e-02  -1.0827490064e-02   7.8533954152e-01   8.9173505815e-01  -5.7688880592e-16
  -7.7777777778e-02   2.5259972679e+00   1.0963056673e-02  -1.0962397961e-02   7.8533807148e-01   8.9312047771e-01   0.0000000000e+00
  -7.2222222222e-02   2.5227319290e+00   1.1062991161e-02  -1.1062314850e-02   7.8533697105e-01   8.9420389809e-01   0.0000000000e+00
  -6.6666666667e-02   2.5199344290e+00   1.1151404891e-02  -1.1150712799e-02   7.8533598905e-01   8.9506094800e-01   0.0000000000e+00
  -6.1111111111e-02   2.5174925495e+00   1.1210257949e-02  -1.1209555133e-02   7.8533533108e-01   8.9574126696e-01   0.0000000000e+00
  -5.5555555556e-02   2.5152622108e+00   1.1219222122e-02  -1.1218517350e-02   7.8533523063e-01   8.9631170426e-01   0.0000000000e+00
  -5.0000000000e-02   2.5129457650e+00   1.1175793834e-02  -1.1175096336e-02   7.8533571689e-01   8.9680452349e-01   0.0000000000e+00
  -4.4444444444e-02   2.5110420985e+00   1.1046366846e-02  -1.1045695466e-02   7.8533715485e-01   8.9716408939e-01  -1.9229626864e-16
  -3.8888888889e-02   2.5095584614e+00   1.0775631274e-02  -1.0775004698e-02   7.8534010853e-01   8.9732182472e-01   1.9229626864e-16
  -3.3333333333e-02   2.5085358951e+00   1.0339438247e-02  -1.0338887790e-02   7.8534471330e-01   8.9732441553e-01   0.0000000000e+00
  -2.7777777778e-02   2.5077773221e+00   9.7775763499e-03  -9.7771090598e-03   7.8535036440e-01   8.9721550878e-01   0.0000000000e+00
  -2.2222222222e-02   2.5077825644e+00   9.1392627053e-03  -9.1388837336e-03   7.8535640152e-01   8.9697583275e-01   1.9229626864e-16
  -1.6666666667e-02   2.5085959532e+00   8.5038476498e-03  -8.5035412878e-03   7.8536200657e-01   8.9672541239e-01   0.0000000000e+00
  -1.1111111111e-02   2.5100159808e+00   7.9617454295e-03  -7.9614942397e-03   7.8536646937e-01   8.9647738960e-01  -1.9229626864e-16
  -5.5555555556e-03   2.5121786877e+00   7.5736002424e-03  -7.5733865208e-03   7.8536948433e-01   8.9620997405e-01  -3.8459253728e-16
   0.0000000000e+00   2.5143737374e+00   7.4272424668e-03  -7.4270396259e-03   7.8537058204e-01   8.9603938940e-01   0.0000000000e+00
   5.5555555556e-03   2.5174392521e+00   7.4436266544e-03  -7.4434227119e-03   7.8537046021e-01   8.9584963423e-01  -1.9229626864e-16
   1.1111111111e-02   2.5213231273e+00   7.5778685012e-03  -7.5776547102e-03   7.8536945187e-01   8.9565220393e-01   0.0000000000e+00
   1.6666666667e-02   2.5267012973e+00   7.7446119397e-03  -7.7443789907e-03   7.8536817446e-01   8.9543208699e-01   0.0000000000e+00
   2.2222222222e-02   2.5337023116e+00   7.8809858280e-03  -7.8807420074e-03   7.8536710907e-01   8.9512376853e-01   0.0000000000e+00
   2.7777777778e-02   2.5423307673e+00   7.9943505176e-03  -7.9940974388e-03   7.8536620932e-01   8.9465531536e-01  -5.7688880592e-16
   3.3333333333e-02   2.5523634635e+00   8.1629092433e-03  -8.1626359660e-03   7.8536484766e-01   8.9403714974e-01   0.0000000000e+00
   3.8888888889e-02   2.5643615998e+00   8.3707903347e-03  -8.3704984868e-03   7.8536312920e-01   8.9318322745e-01   0.0000000000e+00
   4.4444444444e-02   2.5777721361e+00   8.5612445185e-03  -8.5609348363e-03   7.8536151689e-01   8.9222754811e-01   0.0000000000e+00
   5.0000000000e-02   2.5915448132e+00   8.6372888101e-03  -8.6369665861e-03   7.8536086297e-01   8.9132853295e-01   0.0000000000e+00
   5.5555555556e-02   2.6044192811e+00   8.5087983832e-03  -8.5084892144e-03   7.8536196449e-01   8.9062454956e-01   0.0000000000e+00
   6.1111111111e-02   2.6159083390e+00   8.1652430842e-03  -8.1649715429e-03   7.8536482865e-01   8.9009013754e-01   0.0000000000e+00
   6.6666666667e-02   2.6253836103e+00   7.6331014104e-03  -7.6328797922e-03   7.8536903187e-01   8.8969882876e-01   1.9229626864e-16
   7.2222222222e-02   2.6331484812e+00   6.8744530763e-03  -6.8742903295e-03   7.8537453474e-01   8.8947924747e-01   0.0000000000e+00
   7.7777777778e-02   2.6394527748e+00   5.8963498952e-03  -5.8962471805e-03   7.8538078022e-01   8.8941809883e-01   0.0000000000e+00
   8.3333333333e-02   2.6457676669e+00   4.8463448546e-03  -4.8462879433e-03   7.8538641997e-01   8.8931625596e-01   0.0000000000e+00
   8.8888888889e-02   2.6525469380e+00   3.7296201976e-03  -3.7295942646e-03   7.8539120839e-01   8.8909448122e-01  -3.8459253728e-16
   9.4444444444e-02   2.6596161153e+00   2.6337636997e-03  -2.6337545685e-03   7.8539469513e-01   8.8870325923e-01   0.0000000000e+00
   1.0000000000e-01   2.6674337651e+00   1.5019002224e-03  -1.5018985541e-03   7.8539703552e-01   8.8814104140e-01  -3.8459253728e-16
   1.0555555556e-01   2.6760504312e+00   4.1636502260e-04  -4.1636510395e-04   7.8539807681e-01   8.8735974222e-01   0.0000000000e+00
   1.1111111111e-01   2.6856953610e+00  -6.1897454169e-04   6.1897444656e-04   7.8539797186e-01   8.8636249587e-01  -3.8459253728e-16
   1.1666666667e-01   2.6968952646e+00  -1.5567149141e-03   1.5567130472e-03   7.8539695176e-01   8.8502112785e-01   1.9229626864e-16
   1.2222222222e-01   2.7098699688e+00  -2.2713718614e-03   2.2713659987e-03   7.8539558385e-01   8.8341402365e-01   1.9229626864e-16
   1.2777777778e-01   2.7240689558e+00  -2.7903202264e-03   2.7903093687e-03   7.8539427056e-01   8.8152951400e-01   0.0000000000e+00
   1.3333333333e-01   2.7385796409e+00  -3.1461537789e-03   3.1461382264e-03   7.8539321426e-01   8.7928732792e-01   0.0000000000e+00
   1.3888888889e-01   2.7537269810e+00  -3.3109173740e-03   3.3108992388e-03   7.8539268242e-01   8.7676692261e-01   1.9229626864e-16
   1.4444444444e-01   2.7695519476e+00  -3.3788615261e-03   3.3788422447e-03   7.8539245517e-01   8.7413833282e-01  -1.9229626864e-16
   1.5000000000e-01   2.7856971052e+00  -3.3705930902e-03   3.3705739595e-03   7.8539248306e-01   8.7147555401e-01  -1.9229626864e-16
   1.5555555556e-01   2.8009036013e+00  -3.5122465987e-03   3.5122249358e-03   7.8539199549e-01   8.6899801609e-01   0.0000000000e+00
   1.6111111111e-01   2.8137546699e+00  -4.0199675418e-03   4.0199350643e-03   7.8539008346e-01   8.6686522841e-01  -1.9229626864e-16
   1.6666666667e-01   2.8252804323e+00  -4.8440919300e-03   4.8440351069e-03   7.8538643088e-01   8.6471194679e-01   0.0000000000e+00
   1.7222222222e-01   2.8358448817e+00  -5.9078469098e-03   5.9077438148e-03   7.8538071226e-01   8.6247551332e-01  -3.8459253728e-16
   1.7777777778e-01   2.8462965860e+00  -7.2086994234e-03   7.2085121356e-03   7.8537218122e-01   8.6033887426e-01   1.9229626864e-16
   1.8333333333e-01   2.8576896980e+00  -8.6615460273e-03   8.6612210876e-03   7.8536065320e-01   8.5829207699e-01   3.8459253728e-16
   1.8888888889e-01   2.8709215554e+00  -9.9921988196e-03   9.9916995053e-03   7.8534824302e-01   8.5633775874e-01   0.0000000000e+00
   1.9444444444e-01   2.8858093557e+00  -1.1308252445e-02   1.1307530111e-02   7.8533422782e-01   8.5446027536e-01   0.0000000000e+00
   2.0000000000e-01   2.9023671581e+00  -1.2601846864e-02   1.2600846483e-02   7.8531876439e-01   8.5259501608e-01   0.0000000000e+00
   2.0555555556e-01   2.9195604104e+00  -1.3837812781e-02   1.3836488819e-02   7.8530242694e-01   8.5085541563e-01  -3.8459253728e-16
   2.1111111111e-01   2.9360709317e+00  -1.4787641834e-02   1.4786025039e-02   7.8528883429e-01   8.4929931680e-01   1.9229626864e-16
   2.1666666667e-01   2.9501330282e+00  -1.5208920001e-02   1.5207162154e-02   7.8528251672e-01   8.4807240765e-01   0.0000000000e+00
   2.2222222222e-01   2.9613179719e+00  -1.5287500191e-02   1.5285715542e-02   7.8528131870e-01   8.4701078634e-01   0.0000000000e+00
   2.2777777778e-01   2.9668408575e+00  -1.5009577330e-02   1.5007887590e-02   7.8528552825e-01   8.4635875879e-01   1.9229626864e-16
   2.3333333333e-01   2.9658464629e+00  -1.4225078860e-02   1.4223640648e-02   7.8529699384e-01   8.4616680607e-01  -3.8459253728e-16
   2.3888888889e-01   2.9601409236e+00  -1.3113374973e-02   1.3112249034e-02   7.8531218813e-01   8.4637747520e-01  -1.9229626864e-16
   2.4444444444e-01   2.9522026725e+00  -1.1892025539e-02   1.1891185972e-02   7.8532745661e-01   8.4672790450e-01   1.9229626864e-16
   2.5000000000e-01   2.9438913777e+00  -1.0643193133e-02   1.0642592521e-02   7.8534152676e-01   8.4676813401e-01   0.0000000000e+00
   2.5555555556e-01   2.9369736943e+00  -9.4903782400e-03   9.4899509334e-03   7.8535313119e-01   8.4652922188e-01   0.0000000000e+00
   2.6111111111e-01   2.9340765465e+00  -8.3991864990e-03   8.3988898305e-03   7.8536289104e-01   8.4576295814e-01   0.0000000000e+00
   2.6666666667e-01   2.9354115181e+00  -7.2999896807e-03   7.2997951819e-03   7.8537151905e-01   8.4450949878e-01   0.0000000000e+00
   2.7222222222e-01   2.9407775040e+00  -5.9238093177e-03   5.9237053893e-03   7.8538061790e-01   8.4280905460e-01   0.0000000000e+00
   2.7777777778e-01   2.9502136855e+00  -4.2202817165e-03   4.2202441405e-03   7.8538925803e-01   8.4079204885e-01   4.8074067160e-16
   2.8333333333e-01   2.9635402129e+00  -2.4582524545e-03   2.4582450424e-03   7.8539514194e-01   8.3855005644e-01   1.9229626864e-16
   2.8888888889e-01   2.9793203229e+00  -9.0563455788e-04   9.0563416606e-04   7.8539775335e-01   8.3626187592e-01   0.0000000000e+00
   2.9444444444e-01   2.9962160274e+00   2.9262175444e-04  -2.9262190148e-04   7.8539812065e-01   8.3419143824e-01  -3.8459253728e-16
   3.0000000000e-01   3.0121784757e+00   1.3292536434e-03  -1.3292524715e-03   7.8539728003e-01   8.3235509802e-01  -1.9229626864e-16
   3.0555555556e-01   3.0262697331e+00   2.5506035927e-03  -2.5505952996e-03   7.8539491068e-01   8.3068358336e-01   3.8459253728e-16
   3.1111111111e-01   3.0376711605e+00   3.8675841193e-03  -3.8675552077e-03   7.8539068442e-01   8.2898315484e-01   0.0000000000e+00
   3.1666666667e-01   3.0462092200e+00   5.1713765600e-03  -5.1713074130e-03   7.8538479199e-01   8.2737606575e-01   0.0000000000e+00
   3.2222222222e-01   3.0560082088e+00   5.9626662509e-03  -5.9625602557e-03   7.8538038699e-01   8.2557943050e-01   0.0000000000e+00
   3.2777777778e-01   3.0683570930e+00   6.0199861658e-03  -6.0198770949e-03   7.8538004354e-01   8.2367329361e-01  -3.8459253728e-16
   3.3333333333e-01   3.0846580058e+00   5.4951256024e-03  -5.4950426400e-03   7.8538306534e-01   8.2162227581e-01   0.0000000000e+00
   3.3888888889e-01   3.1070901630e+00   4.6803714395e-03  -4.6803201794e-03   7.8538721055e-01   8.1935094502e-01  -3.8459253728e-16
   3.4444444444e-01   3.1322372619e+00   3.8338828247e-03  -3.8338546517e-03   7.8539081410e-01   8.1729776568e-01   1.9229626864e-16
   3.5000000000e-01   3.1587282488e+00   3.1610843676e-03  -3.1610685729e-03   7.8539316721e-01   8.1526493465e-01   0.0000000000e+00
   3.5555555556e-01   3.1855410062e+00   2.7805402197e-03  -2.7805294649e-03   7.8539429778e-01   8.1304312617e-01   0.0000000000e+00
   3.6111111111e-01   3.2129914641e+00   2.4776259674e-03  -2.4776183719e-03   7.8539509417e-01   8.1076784819e-01   0.0000000000e+00
   3.6666666667e-01   3.2452735054e+00   2.1060279901e-03  -2.1060233167e-03   7.8539594577e-01   8.0820103017e-01   0.0000000000e+00
   3.7222222222e-01   3.2810805499e+00   1.6280465081e-03  -1.6280443670e-03   7.8539683811e-01   8.0523651898e-01  -1.9229626864e-16
   3.7777777778e-01   3.3189855258e+00   1.1810914354e-03  -1.1810906225e-03   7.8539746601e-01   8.0203157505e-01  -3.8459253728e-16
   3.8333333333e-01   3.3570361894e+00   8.5708310048e-04  -8.5708283820e-04   7.8539779611e-01   7.9884548278e-01   1.9229626864e-16
   3.8888888889e-01   3.3957079638e+00   6.0023850767e-04  -6.0023839567e-04   7.8539798327e-01   7.9569752924e-01  -3.8459253728e-16
   3.9444444444e-01   3.4328738196e+00   6.2374309006e-04  -6.2374300717e-04   7.8539796890e-01   7.9253438488e-01  -5.7688880592e-16
   4.0000000000e-01   3.4650911000e+00   1.4361002140e-03  -1.4360987479e-03   7.8539713226e-01   7.8949418564e-01  -1.9229626864e-16
   4.0555555556e-01   3.4903457245e+00   3.1826235563e-03  -3.1826074392e-03   7.8539309894e-01   7.8679142943e-01   0.0000000000e+00
   4.1111111111e-01   3.5076633909e+00   6.0067407240e-03  -6.0066323655e-03   7.8538012313e-01   7.8484223895e-01  -1.9229626864e-16
   4.1666666667e-01   3.5195318902e+00   9.7034784887e-03  -9.7030217030e-03   7.8535108610e-01   7.8412645143e-01   1.9229626864e-16
   4.2222222222e-01   3.5295914520e+00   1.3922784356e-02  -1.3921434876e-02   7.8530124772e-01   7.8443804240e-01  -3.8459253728e-16
   4.2777777778e-01   3.5373933917e+00   1.8122638136e-02  -1.8119662981e-02   7.8523396637e-01   7.8541284700e-01   0.0000000000e+00
   4.3333333333e-01   3.5430851426e+00   2.1799660836e-02  -2.1794482682e-02   7.8516058845e-01   7.8643994790e-01   0.0000000000e+00
   4.3888888889e-01   3.5467811625e+00   2.4530168276e-02  -2.4522791272e-02   7.8509735915e-01   7.8749209353e-01   0.0000000000e+00
   4.4444444444e-01   3.5498716500e+00   2.6198975507e-02  -2.6189988894e-02   7.8505504882e-01   7.8840813538e-01   0.0000000000e+00
   4.5000000000e-01   3.5515047834e+00   2.7067257283e-02  -2.7057347629e-02   7.8503193466e-01   7.8935929095e-01   0.0000000000e+00
   4.5555555556e-01   3.5532462504e+00   2.7798524808e-02  -2.7787790613e-02   7.8501188392e-01   7.9097392077e-01   0.0000000000e+00
   4.6111111111e-01   3.5551597762e+00   2.8748527250e-02  -2.8736654490e-02   7.8498503829e-01   7.9337607347e-01  -3.8459253728e-16
   4.6666666667e-01   3.5558722947e+00   3.0096326027e-02  -3.0082705154e-02   7.8494540570e-01   7.9629637600e-01  -3.8459253728e-16
   4.7222222222e-01   3.5562926243e+00   3.1387663023e-02  -3.1372213477e-02   7.8490573239e-01   7.9907271446e-01   0.0000000000e+00
   4.7777777778e-01   3.5588652976e+00   3.2597156000e-02  -3.2579851389e-02   7.8486706427e-01   8.0113286351e-01  -3.8459253728e-16
   4.8333333333e-01   3.5647297860e+00   3.3363135862e-02  -3.3344583385e-02   7.8484182031e-01   8.0199849668e-01   1.9229626864e-16
   4.8888888889e-01   3.5739207561e+00   3.3273612563e-02  -3.3255208724e-02   7.8484480097e-01   8.0150352862e-01  -3.8459253728e-16
   4.9444444444e-01   3.5867630850e+00   3.2031836787e-02  -3.2015416758e-02   7.8488531954e-01   7.9947647049e-01   0.0000000000e+00
   5.0000000000e-01   3.6056575988e+00   2.9866449558e-02  -2.9853138293e-02   7.8495229361e-01   7.9613610956e-01   0.0000000000e+00
   5.0555555556e-01   3.6297797042e+00   2.7338682923e-02  -2.7328472595e-02   7.8502455473e-01   7.9237234314e-01   0.0000000000e+00
   5.1111111111e-01   3.6523419179e+00   2.4199486027e-02  -2.4192403833e-02   7.8510541301e-01   7.8885074261e-01  -1.9229626864e-16
   5.1666666667e-01   3.6720835689e+00   2.0304022606e-02  -2.0299839228e-02   7.8519206509e-01   7.8578493107e-01   0.0000000000e+00
   5.2222222222e-01   3.6912603428e+00   1.5575618997e-02  -1.5573729757e-02   7.8527687335e-01   7.8327033767e-01   0.0000000000e+00
   5.2777777778e-01   3.7078599002e+00   1.0108035195e-02  -1.0107518859e-02   7.8534707905e-01   7.8113289009e-01   1.9229626864e-16
   5.3333333333e-01   3.7172092042e+00   4.3139988144e-03  -4.3139586743e-03   7.8538885813e-01   7.7944265814e-01   0.0000000000e+00
   5.3888888889e-01   3.7206908744e+00  -1.4174633928e-03   1.4174620033e-03   7.8539715883e-01   7.7824221644e-01  -5.7688880592e-16
   5.4444444444e-01   3.7253454415e+00  -6.6667141868e-03   6.6665660496e-03   7.8537594120e-01   7.7720586142e-01   0.0000000000e+00
   5.5000000000e-01   3.7358900263e+00  -1.1144313856e-02   1.1143621895e-02   7.8533606815e-01   7.7550107379e-01   0.0000000000e+00
   5.5555555556e-01   3.7522921736e+00  -1.4808134248e-02   1.4806510994e-02   7.8528853102e-01   7.7317238950e-01   0.0000000000e+00
   5.6111111111e-01   3.7757035115e+00  -1.7783145581e-02   1.7780334823e-02   7.8524005994e-01   7.7078631427e-01   0.0000000000e+00
   5.6666666667e-01   3.8073567031e+00  -2.0161560967e-02   2.0157465095e-02   7.8519494665e-01   7.6889376318e-01   0.0000000000e+00
   5.7222222222e-01   3.8449682953e+00  -2.2120001787e-02   2.2114592460e-02   7.8515355614e-01   7.6788004286e-01   0.0000000000e+00
   5.7777777778e-01   3.8862751946e+00  -2.4093288650e-02   2.4086299034e-02   7.8510797626e-01   7.6785350640e-01   0.0000000000e+00
   5.8333333333e-01   3.9310146691e+00  -2.6091514946e-02   2.6082638532e-02   7.8505785703e-01   7.6837536449e-01   1.9229626864e-16
   5.8888888889e-01   3.9789826730e+00  -2.7999203189e-02   2.7988234467e-02   7.8500628819e-01   7.6889552538e-01   0.0000000000e+00
   5.9444444444e-01   4.0290243880e+00  -2.9547060954e-02   2.9534171638e-02   7.8496177594e-01   7.6941127430e-01  -3.8459253728e-16
   6.0000000000e-01   4.0743332610e+00  -3.0575165678e-02   3.0560884564e-02   7.8493088859e-01   7.7024603560e-01   0.0000000000e+00
   6.0555555556e-01   4.1114048834e+00  -3.1499366542e-02   3.1483751199e-02   7.8490222242e-01   7.7104556733e-01   0.0000000000e+00
   6.1111111111e-01   4.1420018425e+00  -3.1948601410e-02   3.1932308866e-02   7.8488798040e-01   7.7203107178e-01   3.8459253728e-16
   6.1666666667e-01   4.1664146543e+00  -3.1822545021e-02   3.1806444323e-02   7.8489199699e-01   7.7328843415e-01  -1.9229626864e-16
   6.2222222222e-01   4.1858987569e+00  -3.0729365448e-02   3.0714867151e-02   7.8492616500e-01   7.7494896420e-01   0.0000000000e+00
   6.2777777778e-01   4.2038671313e+00  -2.8357286510e-02   2.8345892144e-02   7.8499620331e-01   7.7694259133e-01  -1.9229626864e-16
   6.3333333333e-01   4.2165115581e+00  -2.4732312029e-02   2.4724751219e-02   7.8509238214e-01   7.7851129961e-01   0.0000000000e+00
   6.3888888889e-01   4.2187540373e+00  -2.0361100249e-02   2.0356881210e-02   7.8519090491e-01   7.7860217214e-01  -5.7688880592e-16
   6.4444444444e-01   4.2028531686e+00  -1.5569845854e-02   1.5567958787e-02   7.8527696322e-01   7.7630372637e-01   1.9229626864e-16
   6.5000000000e-01   4.1717218795e+00  -1.0776925303e-02   1.0776299541e-02   7.8534009461e-01   7.7178289306e-01   1.9229626864e-16
   6.5555555556e-01   4.1313588281e+00  -6.2094099582e-03   6.2092902579e-03   7.8537888528e-01   7.6578360036e-01   0.0000000000e+00
   6.6111111111e-01   4.0907515319e+00  -1.9327053923e-03   1.9327017779e-03   7.8539629580e-01   7.5921866094e-01   0.0000000000e+00
   6.6666666667e-01   4.0513734924e+00   2.0569029587e-03  -2.0568986150e-03   7.8539604794e-01   7.5286388933e-01  -5.7688880592e-16
   6.7222222222e-01   4.0130302826e+00   5.9183274650e-03  -5.9182238182e-03   7.8538065033e-01   7.4698372374e-01  -3.8459253728e-16
   6.7777777778e-01   3.9840536910e+00   9.8563126526e-03  -9.8558339432e-03   7.8534959158e-01   7.4161425044e-01  -3.8459253728e-16
   6.8333333333e-01   3.9635437263e+00   1.3260980945e-02  -1.3259815116e-02   7.8531024179e-01   7.3708824196e-01   0.0000000000e+00
   6.8888888889e-01   3.9428124425e+00   1.6396663217e-02  -1.6394459562e-02   7.8526375014e-01   7.3264802236e-01   0.0000000000e+00
   6.9444444444e-01   3.9156701439e+00   1.9291581815e-02  -1.9287993046e-02   7.8521210398e-01   7.2710943933e-01   1.9229626864e-16
   7.0000000000e-01   3.8894174678e+00   2.2783179531e-02  -2.2777268588e-02   7.8513867175e-01   7.2041328394e-01   0.0000000000e+00
   7.0555555556e-01   3.8706364452e+00   2.6873073680e-02  -2.6863375755e-02   7.8503716921e-01   7.1341045202e-01   0.0000000000e+00
   7.1111111111e-01   3.8564047254e+00   3.1076219544e-02  -3.1061224936e-02   7.8491545304e-01   7.0694340397e-01   1.9229626864e-16
   7.1666666667e-01   3.8527055166e+00   3.4439908915e-02  -3.4419502581e-02   7.8480534408e-01   7.0129946536e-01   0.0000000000e+00
   7.2222222222e-01   3.8604801573e+00   3.6173922445e-02  -3.6150277949e-02   7.8474417226e-01   6.9589334158e-01   0.0000000000e+00
   7.2777777778e-01   3.8740030882e+00   3.6447946967e-02  -3.6423761309e-02   7.8473423092e-01   6.9061802618e-01   1.9229626864e-16
   7.3333333333e-01   3.8886598250e+00   3.5804019382e-02  -3.5781092370e-02   7.8475747321e-01   6.8584288505e-01   0.0000000000e+00
   7.3888888889e-01   3.8976249629e+00   3.4851945544e-02  -3.4830798235e-02   7.8479108014e-01   6.8155119800e-01  -3.8459253728e-16
   7.4444444444e-01   3.9006097685e+00   3.3709315279e-02  -3.3690179411e-02   7.8483021956e-01   6.7807113906e-01  -3.8459253728e-16
   7.5000000000e-01   3.9002202615e+00   3.1573073515e-02  -3.1557348574e-02   7.8489989953e-01   6.7516624739e-01   0.0000000000e+00
   7.5555555556e-01   3.8926794851e+00   2.8770077083e-02  -2.8758177642e-02   7.8498441893e-01   6.7302688964e-01   0.0000000000e+00
   7.6111111111e-01   3.8875829072e+00   2.4948826624e-02  -2.4941065648e-02   7.8508700606e-01   6.7158489664e-01   0.0000000000e+00
   7.6666666667e-01   3.8928008899e+00   2.0785476442e-02  -2.0780987914e-02   7.8518217658e-01   6.7079199911e-01   1.9229626864e-16
   7.7222222222e-01   3.9087435079e+00   1.6986689213e-02  -1.6984239037e-02   7.8525390350e-01   6.6991005053e-01   0.0000000000e+00
   7.7777777778e-01   3.9297265694e+00   1.3712009043e-02  -1.3710720182e-02   7.8530415973e-01   6.6847186203e-01   0.0000000000e+00
   7.8333333333e-01   3.9440691765e+00   1.0708865327e-02  -1.0708251345e-02   7.8534082567e-01   6.6595694867e-01  -3.8459253728e-16
   7.8888888889e-01   3.9472760291e+00   8.7994237392e-03  -8.7990830962e-03   7.8535944951e-01   6.6236936491e-01   1.9229626864e-16
   7.9444444444e-01   3.9495132336e+00   8.0703706120e-03  -8.0701078190e-03   7.8536559877e-01   6.5846677437e-01   0.0000000000e+00
   8.0000000000e-01   3.9578893161e+00   8.0917396824e-03  -8.0914747917e-03   7.8536542608e-01   6.5462181839e-01  -1.9229626864e-16
   8.0555555556e-01   3.9757422638e+00   8.3687945659e-03  -8.3685015250e-03   7.8536314590e-01   6.5126822226e-01   0.0000000000e+00
   8.1111111111e-01   4.0065923380e+00   8.9603296035e-03  -8.9599699305e-03   7.8535802081e-01   6.4910924046e-01  -1.9229626864e-16
   8.1666666667e-01   4.0506369765e+00   9.1660241390e-03  -9.1656391266e-03   7.8535615661e-01   6.4816670958e-01   1.9229626864e-16
   8.2222222222e-01   4.1063549086e+00   9.5496282673e-03  -9.5491928633e-03   7.8535256705e-01   6.4705362145e-01   0.0000000000e+00
   8.2777777778e-01   4.1689074456e+00   1.0606215967e-02  -1.0605619470e-02   7.8534191961e-01   6.4416694203e-01   0.0000000000e+00
   8.3333333333e-01   4.2320412762e+00   1.1950160213e-02  -1.1949307039e-02   7.8532676372e-01   6.3944072455e-01   0.0000000000e+00
   8.3888888889e-01   4.2885545319e+00   1.3212448207e-02  -1.3211295134e-02   7.8531088407e-01   6.3317468403e-01   0.0000000000e+00
   8.4444444444e-01   4.3363929729e+00   1.4586059358e-02  -1.4584508009e-02   7.8529179447e-01   6.2585924612e-01  -3.8459253728e-16
   8.5000000000e-01   4.3722079455e+00   1.6013970718e-02  -1.6011917767e-02   7.8526995074e-01   6.1785665243e-01  -3.8459253728e-16
   8.5555555556e-01   4.4003866058e+00   1.7609844084e-02  -1.7607114288e-02   7.8524312618e-01   6.0940816202e-01   4.8074067160e-16
   8.6111111111e-01   4.4297908306e+00   1.8737983514e-02  -1.8734694856e-02   7.8522262800e-01   6.0140453317e-01  -1.9229626864e-16
   8.6666666667e-01   4.4610572657e+00   1.9138403583e-02  -1.9134899596e-02   7.8521504648e-01   5.9326683710e-01  -3.8459253728e-16
   8.7222222222e-01   4.4866143661e+00   1.9524206691e-02  -1.9520486537e-02   7.8520759036e-01   5.8446509461e-01  -3.8459253728e-16
   8.7777777778e-01   4.4992114973e+00   2.0528394761e-02  -2.0524070694e-02   7.8518748553e-01   5.7477398553e-01  -3.8459253728e-16
   8.8333333333e-01   4.4993139041e+00   2.2648100770e-02  -2.2642294554e-02   7.8514173909e-01   5.6464125965e-01   0.0000000000e+00
   8.8888888889e-01   4.4872146589e+00   2.4728142577e-02  -2.4720585739e-02   7.8509248520e-01   5.5511568890e-01  -3.8459253728e-16
   8.9444444444e-01   4.4630264318e+00   2.5954268672e-02  -2.5945531481e-02   7.8506142695e-01   5.4606062371e-01   0.0000000000e+00
   9.0000000000e-01   4.4405775553e+00   2.5331738680e-02  -2.5323615036e-02   7.8507738356e-01   5.3751398415e-01   0.0000000000e+00
   9.0555555556e-01   4.4425985503e+00   2.2615035888e-02  -2.2609255057e-02   7.8514248715e-01   5.3142563776e-01  -5.7688880592e-16
   9.1111111111e-01   4.4740500263e+00   1.7901083372e-02  -1.7898215907e-02   7.8523795614e-01   5.2872694143e-01  -3.8459253728e-16
   9.1666666667e-01   4.5350047676e+00   1.1426008108e-02  -1.1425262338e-02   7.8533288941e-01   5.3088292485e-01   0.0000000000e+00
   9.2222222222e-01   4.6177723155e+00   4.7251470628e-03  -4.7250943129e-03   7.8538699999e-01   5.3848572555e-01   0.0000000000e+00
   9.2777777778e-01   4.7098488730e+00  -4.2285644750e-04   4.2285770479e-04   7.8539807410e-01   5.5153533145e-01   0.0000000000e+00
   9.3333333333e-01   4.7864587319e+00  -3.4634055794e-03   3.4633848241e-03   7.8539216586e-01   5.6906241266e-01  -1.9229626864e-16
   9.3888888889e-01   4.8147855295e+00  -4.3024885031e-03   4.3024486845e-03   7.8538890783e-01   5.8988391721e-01   0.0000000000e+00
   9.4444444444e-01   4.7624079305e+00  -4.1399890161e-03   4.1399535479e-03   7.8538959371e-01   6.1245207182e-01   0.0000000000e+00
   9.5000000000e-01   4.5950740398e+00  -2.9012180863e-03   2.9012058848e-03   7.8539395491e-01   6.3654613396e-01   1.9229626864e-16
   9.5555555556e-01   4.2897303567e+00  -1.6379768651e-03   1.6379746994e-03   7.8539682190e-01   6.6073885362e-01   0.0000000000e+00
   9.6111111111e-01   3.8331656065e+00  -6.4827711912e-04   6.4827697743e-04   7.8539795331e-01   6.8488369819e-01  -3.8459253728e-16
   9.6666666667e-01   3.2378385528e+00  -3.8886843216e-04   3.8886959186e-04   7.8539808787e-01   7.0792513014e-01   0.0000000000e+00
   9.7222222222e-01   2.5384998226e+00  -4.5155260232e-04   4.5155262837e-04   7.8539806156e-01   7.2801222702e-01   0.0000000000e+00
   9.7777777778e-01   1.7902122650e+00  -5.0655166343e-04   5.0655157041e-04   7.8539803508e-01   7.4380111840e-01   1.9229626864e-16
   9.8333333333e-01   1.0768502382e+00  -4.5984154499e-04   4.5984158121e-04   7.8539805763e-01   7.5489278260e-01   1.9229626864e-16
   9.8888888889e-01   4.9772399943e-01  -3.5133999639e-04   3.5134009616e-04   7.8539810176e-01   7.6142246649e-01  -1.9229626864e-16
   9.9444444444e-01   1.2667095372e-01  -5.9492883472e-04   5.9492880698e-04   7.8539798644e-01   7.6424528119e-01   0.0000000000e+00
   1.0000000000e+00   0.0000000000e+00   0.0000000000e+00   0.0000000000e+00   0.0000000000e+00   0.0000000000e+00   0.0000000000e+00