# time = 200
# Grid points = 544
# Pressure (Pa) = 101325
#             1_pos             2_posf             3_uvel             4_vvel             5_wvel
  -9.9855330628e-01  -1.0000000000e+00   3.3671964918e-01  -3.7958125656e-02  -3.7958125656e-02
  -9.9565991884e-01  -9.9710661256e-01   1.0050559254e+00  -1.1370337100e-01  -1.1370337100e-01
  -9.9263069366e-01  -9.9421322512e-01   1.7004016764e+00  -1.9241017716e-01  -1.9241017716e-01
  -9.8942480681e-01  -9.9104816220e-01   2.4277560768e+00  -2.7401027200e-01  -2.7401027200e-01
  -9.8613030311e-01  -9.8780145142e-01   3.1567069835e+00  -3.5438021003e-01  -3.5438021003e-01
  -9.8272720332e-01  -9.8445915480e-01   3.8823819674e+00  -4.3227340101e-01  -4.3227340101e-01
  -9.7918521768e-01  -9.8099525183e-01   4.6053647359e+00  -5.0704626662e-01  -5.0704626662e-01
  -9.7546607102e-01  -9.7737518353e-01   5.3278400228e+00  -5.7821667289e-01  -5.7821667289e-01
  -9.7152274131e-01  -9.7355695851e-01   6.0511983774e+00  -6.4520871493e-01  -6.4520871493e-01
  -9.6729590446e-01  -9.6948852411e-01   6.7761890334e+00  -7.0741346251e-01  -7.0741346251e-01
  -9.6271297502e-01  -9.6510328481e-01   7.5033893574e+00  -7.6433127279e-01  -7.6433127279e-01
  -9.5772132169e-01  -9.6032266523e-01   8.2309114498e+00  -8.1560172623e-01  -8.1560172623e-01
  -9.5239311114e-01  -9.5511997815e-01   8.9518963115e+00  -8.6136528488e-01  -8.6136528488e-01
  -9.4824622359e-01  -9.4966624413e-01   9.4920068316e+00  -8.9338974803e-01  -8.9338974803e-01
  -9.4540618251e-01  -9.4682620305e-01   9.8520126919e+00  -9.1459277531e-01  -9.1459277531e-01
  -9.4244664903e-01  -9.4398616197e-01   1.0214697496e+01  -9.3628744524e-01  -9.3628744524e-01
  -9.3936762314e-01  -9.4090713609e-01   1.0576548074e+01  -9.5885814870e-01  -9.5885814870e-01
  -9.3614147978e-01  -9.3782811020e-01   1.0939513294e+01  -9.8301924840e-01  -9.8301924840e-01
  -9.3276821892e-01  -9.3445484935e-01   1.1301657720e+01  -1.0094290485e+00  -1.0094290485e+00
  -9.2923881699e-01  -9.3108158850e-01   1.1663980846e+01  -1.0387244280e+00  -1.0387244280e+00
  -9.2555327398e-01  -9.2739604549e-01   1.2025114342e+01  -1.0715326697e+00  -1.0715326697e+00
  -9.2169004177e-01  -9.2371050247e-01   1.2386794308e+01  -1.1082778244e+00  -1.1082778244e+00
  -9.1764912036e-01  -9.1966958106e-01   1.2746352873e+01  -1.1490741436e+00  -1.1490741436e+00
  -9.1334498725e-01  -9.1562865965e-01   1.3108778461e+01  -1.1942095665e+00  -1.1942095665e+00
  -9.0877764244e-01  -9.1106131484e-01   1.3467366109e+01  -1.2426541274e+00  -1.2426541274e+00
  -9.0381071072e-01  -9.0649397003e-01   1.3827586250e+01  -1.2939824668e+00  -1.2939824668e+00
  -8.9844419210e-01  -9.0112745141e-01   1.4182852359e+01  -1.3456556312e+00  -1.3456556312e+00
  -8.9401124963e-01  -8.9576093279e-01   1.4451803355e+01  -1.3832273314e+00  -1.3832273314e+00
  -8.9051188330e-01  -8.9226156646e-01   1.4647949778e+01  -1.4086100408e+00  -1.4086100408e+00
  -8.8701251697e-01  -8.8876220014e-01   1.4825118233e+01  -1.4284850646e+00  -1.4284850646e+00
  -8.8351315064e-01  -8.8526283381e-01   1.4981137351e+01  -1.4418611976e+00  -1.4418611976e+00
  -8.7938539567e-01  -8.8176346748e-01   1.5138837335e+01  -1.4491481759e+00  -1.4491481759e+00
  -8.7462925204e-01  -8.7700732385e-01   1.5280373736e+01  -1.4434445565e+00  -1.4434445565e+00
  -8.6987310842e-01  -8.7225118023e-01   1.5384068798e+01  -1.4233528547e+00  -1.4233528547e+00
  -8.6511696480e-01  -8.6749503661e-01   1.5451895827e+01  -1.3890299887e+00  -1.3890299887e+00
  -8.6036082118e-01  -8.6273889299e-01   1.5486330309e+01  -1.3407991349e+00  -1.3407991349e+00
  -8.5560467755e-01  -8.5798274936e-01   1.5490886673e+01  -1.2796071995e+00  -1.2796071995e+00
  -8.5084853393e-01  -8.5322660574e-01   1.5470193659e+01  -1.2078919883e+00  -1.2078919883e+00
  -8.4609239031e-01  -8.4847046212e-01   1.5429116879e+01  -1.1278772517e+00  -1.1278772517e+00
  -8.4226556574e-01  -8.4371431850e-01   1.5382860225e+01  -1.0570803552e+00  -1.0570803552e+00
  -8.3936806022e-01  -8.4081681298e-01   1.5343546657e+01  -1.0015782861e+00  -1.0015782861e+00
  -8.3647055471e-01  -8.3791930746e-01   1.5301353221e+01  -9.4500891762e-01  -9.4500891762e-01
  -8.3357304919e-01  -8.3502180195e-01   1.5257615062e+01  -8.8804094232e-01  -8.8804094232e-01
  -8.3067554367e-01  -8.3212429643e-01   1.5213595561e+01  -8.3122638638e-01  -8.3122638638e-01
  -8.2777803816e-01  -8.2922679092e-01   1.5170520327e+01  -7.7509475704e-01  -7.7509475704e-01
  -8.2488053264e-01  -8.2632928540e-01   1.5129581637e+01  -7.2018348010e-01  -7.2018348010e-01
  -8.2198302713e-01  -8.2343177988e-01   1.5091922196e+01  -6.6702305234e-01  -6.6702305234e-01
  -8.1908552161e-01  -8.2053427437e-01   1.5058619442e+01  -6.1611765545e-01  -6.1611765545e-01
  -8.1618801609e-01  -8.1763676885e-01   1.5030676901e+01  -5.6793354400e-01  -5.6793354400e-01
  -8.1329051058e-01  -8.1473926334e-01   1.5009018794e+01  -5.2289054914e-01  -5.2289054914e-01
  -8.1039300506e-01  -8.1184175782e-01   1.4994479638e+01  -4.8135415412e-01  -4.8135415412e-01
  -8.0749549955e-01  -8.0894425230e-01   1.4987777519e+01  -4.4363468303e-01  -4.4363468303e-01
  -8.0459799403e-01  -8.0604674679e-01   1.4989466304e+01  -4.1000140013e-01  -4.1000140013e-01
  -8.0170048851e-01  -8.0314924127e-01   1.4999888130e+01  -3.8069903620e-01  -3.8069903620e-01
  -7.9880298300e-01  -8.0025173576e-01   1.5019172337e+01  -3.5592287345e-01  -3.5592287345e-01
  -7.9556631331e-01  -7.9735423024e-01   1.5050593926e+01  -3.3337459048e-01  -3.3337459048e-01
  -7.9199047945e-01  -7.9377839638e-01   1.5098625748e+01  -3.1526938026e-01  -3.1526938026e-01
  -7.8841464560e-01  -7.9020256253e-01   1.5159608810e+01  -3.0355240621e-01  -3.0355240621e-01
  -7.8483881174e-01  -7.8662672867e-01   1.5232602676e+01  -2.9778925500e-01  -2.9778925500e-01
  -7.8126297788e-01  -7.8305089481e-01   1.5315964258e+01  -2.9749309035e-01  -2.9749309035e-01
  -7.7768714403e-01  -7.7947506096e-01   1.5407751508e+01  -3.0206429531e-01  -3.0206429531e-01
  -7.7411131017e-01  -7.7589922710e-01   1.5506191282e+01  -3.1080368289e-01  -3.1080368289e-01
  -7.7053547631e-01  -7.7232339324e-01   1.5609837620e+01  -3.2297078686e-01  -3.2297078686e-01
  -7.6731501064e-01  -7.6874755939e-01   1.5706535753e+01  -3.3631333916e-01  -3.3631333916e-01
  -7.6444991314e-01  -7.6588246189e-01   1.5793823815e+01  -3.4938601111e-01  -3.4938601111e-01
  -7.6158481564e-01  -7.6301736439e-01   1.5881510366e+01  -3.6323155482e-01  -3.6323155482e-01
  -7.5871971814e-01  -7.6015226689e-01   1.5969046022e+01  -3.7745696126e-01  -3.7745696126e-01
  -7.5585462064e-01  -7.5728716939e-01   1.6055981136e+01  -3.9167710047e-01  -3.9167710047e-01
  -7.5298952314e-01  -7.5442207189e-01   1.6141479601e+01  -4.0544797620e-01  -4.0544797620e-01
  -7.5012442564e-01  -7.5155697439e-01   1.6223911187e+01  -4.1821645375e-01  -4.1821645375e-01
  -7.4725932814e-01  -7.4869187689e-01   1.6301162753e+01  -4.2938523180e-01  -4.2938523180e-01
  -7.4305710271e-01  -7.4582677939e-01   1.6404824149e+01  -4.4277003634e-01  -4.4277003634e-01
  -7.3751774936e-01  -7.4028742603e-01   1.6517113351e+01  -4.5178167235e-01  -4.5178167235e-01
  -7.3197839600e-01  -7.3474807268e-01   1.6604619890e+01  -4.5095457335e-01  -4.5095457335e-01
  -7.2643904265e-01  -7.2920871933e-01   1.6663987903e+01  -4.3904136895e-01  -4.3904136895e-01
  -7.2089968929e-01  -7.2366936597e-01   1.6693641601e+01  -4.1551560337e-01  -4.1551560337e-01
  -7.1536033594e-01  -7.1813001262e-01   1.6694425890e+01  -3.8065264886e-01  -3.8065264886e-01
  -7.0982098259e-01  -7.1259065926e-01   1.6668594901e+01  -3.3553867212e-01  -3.3553867212e-01
  -7.0428162923e-01  -7.0705130591e-01   1.6618289153e+01  -2.8107469587e-01  -2.8107469587e-01
  -6.9964577869e-01  -7.0151195256e-01   1.6555141053e+01  -2.2635026822e-01  -2.2635026822e-01
  -6.9591343096e-01  -6.9777960483e-01   1.6494632941e+01  -1.7879821465e-01  -1.7879821465e-01
  -6.9218108323e-01  -6.9404725709e-01   1.6425870625e+01  -1.2869233985e-01  -1.2869233985e-01
  -6.8844873550e-01  -6.9031490936e-01   1.6349918337e+01  -7.6505375305e-02  -7.6505375305e-02
  -6.8471638777e-01  -6.8658256163e-01   1.6267678166e+01  -2.2558415538e-02  -2.2558415538e-02
  -6.8098404004e-01  -6.8285021390e-01   1.6180294396e+01   3.2639903593e-02   3.2639903593e-02
  -6.7725169231e-01  -6.7911786617e-01   1.6089218398e+01   8.8357368603e-02   8.8357368603e-02
  -6.7351934458e-01  -6.7538551844e-01   1.5995938500e+01   1.4383891380e-01   1.4383891380e-01
  -6.6980362611e-01  -6.7165317071e-01   1.5902364347e+01   1.9811605111e-01   1.9811605111e-01
  -6.6610453691e-01  -6.6795408151e-01   1.5810182957e+01   2.5040590710e-01   2.5040590710e-01
  -6.6240544771e-01  -6.6425499231e-01   1.5720365885e+01   3.0034680775e-01   3.0034680775e-01
  -6.5870635851e-01  -6.6055590311e-01   1.5633899245e+01   3.4759529251e-01   3.4759529251e-01
  -6.5500726932e-01  -6.5685681392e-01   1.5551720168e+01   3.9186344860e-01   3.9186344860e-01
  -6.5130818012e-01  -6.5315772472e-01   1.5474869079e+01   4.3282561280e-01   4.3282561280e-01
  -6.4760909092e-01  -6.4945863552e-01   1.5404147322e+01   4.7029502901e-01   4.7029502901e-01
  -6.4391000172e-01  -6.4575954632e-01   1.5339901470e+01   5.0433781789e-01   5.0433781789e-01
  -6.4040730809e-01  -6.4206045712e-01   1.5285562148e+01   5.3338658455e-01   5.3338658455e-01
  -6.3710101003e-01  -6.3875415906e-01   1.5240448868e+01   5.5795901672e-01   5.5795901672e-01
  -6.3379471197e-01  -6.3544786100e-01   1.5202098752e+01   5.7957786265e-01   5.7957786265e-01
  -6.3048841390e-01  -6.3214156294e-01   1.5170781585e+01   5.9830701161e-01   5.9830701161e-01
  -6.2718211584e-01  -6.2883526487e-01   1.5146555112e+01   6.1432914969e-01   6.1432914969e-01
  -6.2387581778e-01  -6.2552896681e-01   1.5129380145e+01   6.2788012682e-01   6.2788012682e-01
  -6.2056951972e-01  -6.2222266875e-01   1.5119154065e+01   6.3921403813e-01   6.3921403813e-01
  -6.1726322166e-01  -6.1891637069e-01   1.5115721865e+01   6.4857966010e-01   6.4857966010e-01
  -6.1395692360e-01  -6.1561007263e-01   1.5118866815e+01   6.5622180404e-01   6.5622180404e-01
  -6.1065062554e-01  -6.1230377457e-01   1.5128285353e+01   6.6240482057e-01   6.6240482057e-01
  -6.0734432747e-01  -6.0899747650e-01   1.5143587036e+01   6.6742868192e-01   6.6742868192e-01
  -6.0403802941e-01  -6.0569117844e-01   1.5164334293e+01   6.7162383189e-01   6.7162383189e-01
  -6.0073173135e-01  -6.0238488038e-01   1.5190074676e+01   6.7533298228e-01   6.7533298228e-01
  -5.9742543329e-01  -5.9907858232e-01   1.5220292207e+01   6.7888866934e-01   6.7888866934e-01
  -5.9411913523e-01  -5.9577228426e-01   1.5254309772e+01   6.8259393971e-01   6.8259393971e-01
  -5.9081283717e-01  -5.9246598620e-01   1.5291362881e+01   6.8671961239e-01   6.8671961239e-01
  -5.8661228737e-01  -5.8915968814e-01   1.5341578587e+01   6.9280932666e-01   6.9280932666e-01
  -5.8151748583e-01  -5.8406488660e-01   1.5407435428e+01   7.0242624474e-01   7.0242624474e-01
  -5.7642268429e-01  -5.7897008506e-01   1.5476561358e+01   7.1475718247e-01   7.1475718247e-01
  -5.7132788275e-01  -5.7387528352e-01   1.5547527511e+01   7.3003995042e-01   7.3003995042e-01
  -5.6623308121e-01  -5.6878048198e-01   1.5619498452e+01   7.4826310261e-01   7.4826310261e-01
  -5.6113827968e-01  -5.6368568045e-01   1.5691978240e+01   7.6910568236e-01   7.6910568236e-01
  -5.5604347814e-01  -5.5859087891e-01   1.5764801388e+01   7.9197288317e-01   7.9197288317e-01
  -5.5094867660e-01  -5.5349607737e-01   1.5839008367e+01   8.1634331359e-01   8.1634331359e-01
  -5.4633731593e-01  -5.4840127583e-01   1.5910203558e+01   8.3961792439e-01   8.3961792439e-01
  -5.4220939614e-01  -5.4427335604e-01   1.5976821956e+01   8.6039059483e-01   8.6039059483e-01
  -5.3808147634e-01  -5.4014543624e-01   1.6046553499e+01   8.8024677450e-01   8.8024677450e-01
  -5.3395355655e-01  -5.3601751645e-01   1.6119831021e+01   8.9837938555e-01   8.9837938555e-01
  -5.2982563675e-01  -5.3188959665e-01   1.6197055865e+01   9.1402521339e-01   9.1402521339e-01
  -5.2569771696e-01  -5.2776167685e-01   1.6278556789e+01   9.2649402551e-01   9.2649402551e-01
  -5.2156979716e-01  -5.2363375706e-01   1.6364947328e+01   9.3518800123e-01   9.3518800123e-01
  -5.1744187737e-01  -5.1950583726e-01   1.6457913893e+01   9.3960193025e-01   9.3960193025e-01
  -5.1392101776e-01  -5.1537791747e-01   1.6544603606e+01   9.3930812710e-01   9.3930812710e-01
  -5.1100721834e-01  -5.1246411805e-01   1.6620394994e+01   9.3648865792e-01   9.3648865792e-01
  -5.0809341891e-01  -5.0955031862e-01   1.6699757940e+01   9.3096900991e-01   9.3096900991e-01
  -5.0517961949e-01  -5.0663651920e-01   1.6782325443e+01   9.2268146962e-01   9.2268146962e-01
  -5.0226582007e-01  -5.0372271978e-01   1.6867933293e+01   9.1159612110e-01   9.1159612110e-01
  -4.9935202065e-01  -5.0080892036e-01   1.6956483323e+01   8.9772272730e-01   8.9772272730e-01
  -4.9643822123e-01  -4.9789512094e-01   1.7047707345e+01   8.8114533085e-01   8.8114533085e-01
  -4.9352442180e-01  -4.9498132151e-01   1.7141190617e+01   8.6201086776e-01   8.6201086776e-01
  -4.8966943417e-01  -4.9206752209e-01   1.7267773120e+01   8.3344179534e-01   8.3344179534e-01
  -4.8487325833e-01  -4.8727134625e-01   1.7433085488e+01   7.9118735034e-01   7.9118735034e-01
  -4.8007708249e-01  -4.8247517041e-01   1.7606051479e+01   7.4271147088e-01   7.4271147088e-01
  -4.7528090666e-01  -4.7767899457e-01   1.7783662624e+01   6.8921255377e-01   6.8921255377e-01
  -4.7056860284e-01  -4.7288281874e-01   1.7960746357e+01   6.3271594967e-01   6.3271594967e-01
  -4.6594017105e-01  -4.6825438695e-01   1.8135464065e+01   5.7448262488e-01   5.7448262488e-01
  -4.6131173926e-01  -4.6362595516e-01   1.8309812978e+01   5.1436681407e-01   5.1436681407e-01
  -4.5668330747e-01  -4.5899752337e-01   1.8482092011e+01   4.5343669734e-01   4.5343669734e-01
  -4.5179601331e-01  -4.5436909158e-01   1.8658973363e+01   3.8974212493e-01   3.8974212493e-01
  -4.4664985677e-01  -4.4922293504e-01   1.8837555779e+01   3.2463784056e-01   3.2463784056e-01
  -4.4150370024e-01  -4.4407677850e-01   1.9007643156e+01   2.6233302212e-01   2.6233302212e-01
  -4.3635754370e-01  -4.3893062197e-01   1.9170116693e+01   2.0297294597e-01   2.0297294597e-01
  -4.3216406023e-01  -4.3378446543e-01   1.9297970284e+01   1.5674134926e-01   1.5674134926e-01
  -4.2892324984e-01  -4.3054365504e-01   1.9393298105e+01   1.2264334977e-01   1.2264334977e-01
  -4.2568243945e-01  -4.2730284465e-01   1.9484609353e+01   9.0456092586e-02   9.0456092586e-02
  -4.2244162906e-01  -4.2406203426e-01   1.9572003294e+01   6.0214936356e-02   6.0214936356e-02
  -4.1920081867e-01  -4.2082122386e-01   1.9655782680e+01   3.1873309800e-02   3.1873309800e-02
  -4.1596000828e-01  -4.1758041347e-01   1.9736112184e+01   5.4239177607e-03   5.4239177607e-03
  -4.1271919789e-01  -4.1433960308e-01   1.9812768036e+01  -1.9030718825e-02  -1.9030718825e-02
  -4.0947838750e-01  -4.1109879269e-01   1.9885086929e+01  -4.1274437939e-02  -4.1274437939e-02
  -4.0546447402e-01  -4.0785798230e-01   1.9968751301e+01  -6.5936171704e-02  -6.5936171704e-02
  -4.0067745745e-01  -4.0307096573e-01   2.0059494911e+01  -9.0748705521e-02  -9.0748705521e-02
  -3.9589044088e-01  -3.9828394917e-01   2.0143102427e+01  -1.1161058978e-01  -1.1161058978e-01
  -3.9110342432e-01  -3.9349693260e-01   2.0220467538e+01  -1.2886024450e-01  -1.2886024450e-01
  -3.8631640775e-01  -3.8870991603e-01   2.0292232247e+01  -1.4277957133e-01  -1.4277957133e-01
  -3.8152939118e-01  -3.8392289947e-01   2.0358939222e+01  -1.5366967868e-01  -1.5366967868e-01
  -3.7674237462e-01  -3.7913588290e-01   2.0420871196e+01  -1.6182536182e-01  -1.6182536182e-01
  -3.7195535805e-01  -3.7434886633e-01   2.0478768490e+01  -1.6757605974e-01  -1.6757605974e-01
  -3.6797275137e-01  -3.6956184977e-01   2.0524967965e+01  -1.7066649803e-01  -1.7066649803e-01
  -3.6479455457e-01  -3.6638365297e-01   2.0560550933e+01  -1.7228487875e-01  -1.7228487875e-01
  -3.6161635777e-01  -3.6320545617e-01   2.0594735126e+01  -1.7310752729e-01  -1.7310752729e-01
  -3.5843816098e-01  -3.6002725938e-01   2.0627620375e+01  -1.7321284224e-01  -1.7321284224e-01
  -3.5525996418e-01  -3.5684906258e-01   2.0659366298e+01  -1.7268775815e-01  -1.7268775815e-01
  -3.5208176738e-01  -3.5367086578e-01   2.0690085193e+01  -1.7161136648e-01  -1.7161136648e-01
  -3.4890357058e-01  -3.5049266898e-01   2.0719864707e+01  -1.7004979324e-01  -1.7004979324e-01
  -3.4572537379e-01  -3.4731447219e-01   2.0748814841e+01  -1.6805753747e-01  -1.6805753747e-01
  -3.4254717699e-01  -3.4413627539e-01   2.0777063290e+01  -1.6568172425e-01  -1.6568172425e-01
  -3.3936898019e-01  -3.4095807859e-01   2.0804712128e+01  -1.6296727782e-01  -1.6296727782e-01
  -3.3619078339e-01  -3.3777988179e-01   2.0831806802e+01  -1.5996022165e-01  -1.5996022165e-01
  -3.3301258660e-01  -3.3460168500e-01   2.0858346497e+01  -1.5670695425e-01  -1.5670695425e-01
  -3.2983438980e-01  -3.3142348820e-01   2.0884322498e+01  -1.5325042900e-01  -1.5325042900e-01
  -3.2665619300e-01  -3.2824529140e-01   2.0909746144e+01  -1.4962732698e-01  -1.4962732698e-01
  -3.2347799620e-01  -3.2506709460e-01   2.0934641574e+01  -1.4586947322e-01  -1.4586947322e-01
  -3.2029979941e-01  -3.2188889781e-01   2.0959030623e+01  -1.4200573641e-01  -1.4200573641e-01
  -3.1696284010e-01  -3.1871070101e-01   2.0984155344e+01  -1.3785990375e-01  -1.3785990375e-01
  -3.1346711828e-01  -3.1521497919e-01   2.1010043982e+01  -1.3342522552e-01  -1.3342522552e-01
  -3.0997139647e-01  -3.1171925737e-01   2.1035623277e+01  -1.2890620055e-01  -1.2890620055e-01
  -3.0647567465e-01  -3.0822353556e-01   2.1060948603e+01  -1.2431615117e-01  -1.2431615117e-01
  -3.0297995283e-01  -3.0472781374e-01   2.1086037881e+01  -1.1967093294e-01  -1.1967093294e-01
  -2.9948423102e-01  -3.0123209193e-01   2.1110899595e+01  -1.1498533869e-01  -1.1498533869e-01
  -2.9598850920e-01  -2.9773637011e-01   2.1135534556e+01  -1.1027346541e-01  -1.1027346541e-01
  -2.9249278738e-01  -2.9424064829e-01   2.1159934287e+01  -1.0554931423e-01  -1.0554931423e-01
  -2.8899706557e-01  -2.9074492648e-01   2.1184087742e+01  -1.0082574222e-01  -1.0082574222e-01
  -2.8550134375e-01  -2.8724920466e-01   2.1207988882e+01  -9.6113226930e-02  -9.6113226930e-02
  -2.8200562193e-01  -2.8375348284e-01   2.1231637086e+01  -9.1419975448e-02  -9.1419975448e-02
  -2.7850990012e-01  -2.8025776103e-01   2.1255033155e+01  -8.6752855275e-02  -8.6752855275e-02
  -2.7501417830e-01  -2.7676203921e-01   2.1278177760e+01  -8.2117841629e-02  -8.2117841629e-02
  -2.7151845649e-01  -2.7326631739e-01   2.1301072385e+01  -7.7519984708e-02  -7.7519984708e-02
  -2.6802273467e-01  -2.6977059558e-01   2.1323715643e+01  -7.2964303939e-02  -7.2964303939e-02
  -2.6452701285e-01  -2.6627487376e-01   2.1346098368e+01  -6.8456902924e-02  -6.8456902924e-02
  -2.6095229680e-01  -2.6277915194e-01   2.1368721795e+01  -6.3900707061e-02  -6.3900707061e-02
  -2.5729858652e-01  -2.5912544166e-01   2.1391600941e+01  -5.9296643038e-02  -5.9296643038e-02
  -2.5364487623e-01  -2.5547173138e-01   2.1414268644e+01  -5.4742605523e-02  -5.4742605523e-02
  -2.4999116595e-01  -2.5181802109e-01   2.1436726644e+01  -5.0241876692e-02  -5.0241876692e-02
  -2.4633745567e-01  -2.4816431081e-01   2.1458960078e+01  -4.5800947291e-02  -4.5800947291e-02
  -2.4268374538e-01  -2.4451060052e-01   2.1480951270e+01  -4.1426776456e-02  -4.1426776456e-02
  -2.3903003510e-01  -2.4085689024e-01   2.1502687792e+01  -3.7125213218e-02  -3.7125213218e-02
  -2.3537632481e-01  -2.3720317996e-01   2.1524166108e+01  -3.2900283615e-02  -3.2900283615e-02
  -2.3172261453e-01  -2.3354946967e-01   2.1545385323e+01  -2.8755410183e-02  -2.8755410183e-02
  -2.2806890425e-01  -2.2989575939e-01   2.1566337251e+01  -2.4695356541e-02  -2.4695356541e-02
  -2.2441519396e-01  -2.2624204910e-01   2.1587005657e+01  -2.0726373033e-02  -2.0726373033e-02
  -2.2076148368e-01  -2.2258833882e-01   2.1607373687e+01  -1.6854745229e-02  -1.6854745229e-02
  -2.1710777339e-01  -2.1893462854e-01   2.1627430244e+01  -1.3085562377e-02  -1.3085562377e-02
  -2.1345406311e-01  -2.1528091825e-01   2.1647171381e+01  -9.4224671582e-03  -9.4224671582e-03
  -2.0980035283e-01  -2.1162720797e-01   2.1666595425e+01  -5.8685732000e-03  -5.8685732000e-03
  -2.0614664254e-01  -2.0797349768e-01   2.1685696351e+01  -2.4277018413e-03  -2.4277018413e-03
  -2.0240496301e-01  -2.0431978740e-01   2.1704930533e+01   9.7824545086e-04   9.7824545086e-04
  -1.9857531424e-01  -2.0049013863e-01   2.1724307888e+01   4.3422089737e-03   4.3422089737e-03
  -1.9474566547e-01  -1.9666048986e-01   2.1743402610e+01   7.5855388502e-03   7.5855388502e-03
  -1.9091601670e-01  -1.9283084108e-01   2.1762200624e+01   1.0702591411e-02   1.0702591411e-02
  -1.8708636792e-01  -1.8900119231e-01   2.1780663912e+01   1.3683901187e-02   1.3683901187e-02
  -1.8325671915e-01  -1.8517154354e-01   2.1798754873e+01   1.6520395743e-02   1.6520395743e-02
  -1.7942707038e-01  -1.8134189477e-01   2.1816459253e+01   1.9206917406e-02   1.9206917406e-02
  -1.7559742161e-01  -1.7751224599e-01   2.1833792872e+01   2.1743011568e-02   2.1743011568e-02
  -1.7176777284e-01  -1.7368259722e-01   2.1850782874e+01   2.4129928021e-02   2.4129928021e-02
  -1.6793812406e-01  -1.6985294845e-01   2.1867440497e+01   2.6366657109e-02   2.6366657109e-02
  -1.6410847529e-01  -1.6602329968e-01   2.1883749719e+01   2.8448562795e-02   2.8448562795e-02
  -1.6027882652e-01  -1.6219365091e-01   2.1899676865e+01   3.0369024678e-02   3.0369024678e-02
  -1.5644917775e-01  -1.5836400213e-01   2.1915189893e+01   3.2122161843e-02   3.2122161843e-02
  -1.5261952897e-01  -1.5453435336e-01   2.1930271874e+01   3.3704489927e-02   3.3704489927e-02
  -1.4878988020e-01  -1.5070470459e-01   2.1944919768e+01   3.5114599278e-02   3.5114599278e-02
  -1.4496023143e-01  -1.4687505582e-01   2.1959134473e+01   3.6351794399e-02   3.6351794399e-02
  -1.4103905175e-01  -1.4304540704e-01   2.1973254440e+01   3.7441435850e-02   3.7441435850e-02
  -1.3702634118e-01  -1.3903269647e-01   2.1987272925e+01   3.8368277165e-02   3.8368277165e-02
  -1.3301363060e-01  -1.3501998589e-01   2.2000873428e+01   3.9106589572e-02   3.9106589572e-02
  -1.2900092002e-01  -1.3100727531e-01   2.2014032561e+01   3.9653764571e-02   3.9653764571e-02
  -1.2498820944e-01  -1.2699456473e-01   2.2026711143e+01   4.0007125211e-02   4.0007125211e-02
  -1.2097549886e-01  -1.2298185415e-01   2.2038877920e+01   4.0165310652e-02   4.0165310652e-02
  -1.1696278829e-01  -1.1896914358e-01   2.2050523076e+01   4.0128161721e-02   4.0128161721e-02
  -1.1295007771e-01  -1.1495643300e-01   2.2061655391e+01   3.9895843297e-02   3.9895843297e-02
  -1.0893736713e-01  -1.1094372242e-01   2.2072287302e+01   3.9468317907e-02   3.9468317907e-02
  -1.0492465655e-01  -1.0693101184e-01   2.2082420933e+01   3.8845525882e-02   3.8845525882e-02
  -1.0091194597e-01  -1.0291830126e-01   2.2092046496e+01   3.8027741349e-02   3.8027741349e-02
  -9.6899235397e-02  -9.8905590686e-02   2.2101148641e+01   3.7015784963e-02   3.7015784963e-02
  -9.2886524819e-02  -9.4892880108e-02   2.2109711357e+01   3.5811246943e-02   3.5811246943e-02
  -8.8873814241e-02  -9.0880169530e-02   2.2117719121e+01   3.4416737595e-02   3.4416737595e-02
  -8.4861103663e-02  -8.6867458952e-02   2.2125157676e+01   3.2835758806e-02   3.2835758806e-02
  -8.0848393085e-02  -8.2854748374e-02   2.2132016361e+01   3.1071936893e-02   3.1071936893e-02
  -7.6781457320e-02  -7.8842037796e-02   2.2138376321e+01   2.9101280848e-02   2.9101280848e-02
  -7.2660296368e-02  -7.4720876844e-02   2.2144210096e+01   2.6913868375e-02   2.6913868375e-02
  -6.8539135416e-02  -7.0599715892e-02   2.2149429510e+01   2.4537940295e-02   2.4537940295e-02
  -6.4417974465e-02  -6.6478554940e-02   2.2154021233e+01   2.1978832404e-02   2.1978832404e-02
  -6.0296813513e-02  -6.2357393989e-02   2.2157970127e+01   1.9243270590e-02   1.9243270590e-02
  -5.6175652561e-02  -5.8236233037e-02   2.2161264373e+01   1.6337402632e-02   1.6337402632e-02
  -5.2054491609e-02  -5.4115072085e-02   2.2163895092e+01   1.3266330933e-02   1.3266330933e-02
  -4.7933330657e-02  -4.9993911133e-02   2.2165854102e+01   1.0034521675e-02   1.0034521675e-02
  -4.3812169705e-02  -4.5872750181e-02   2.2167132463e+01   6.6465100795e-03   6.6465100795e-03
  -3.9691008753e-02  -4.1751589229e-02   2.2167720137e+01   3.1075980937e-03   3.1075980937e-03
  -3.5569847801e-02  -3.7630428277e-02   2.2167606443e+01  -5.7604107331e-04  -5.7604107331e-04
  -3.1448686850e-02  -3.3509267326e-02   2.2166780776e+01  -4.3975545740e-03  -4.3975545740e-03
  -2.7327525898e-02  -2.9388106374e-02   2.2165233353e+01  -8.3492913411e-03  -8.3492913411e-03
  -2.3206364946e-02  -2.5266945422e-02   2.2162955810e+01  -1.2422474720e-02  -1.2422474720e-02
  -1.9085203994e-02  -2.1145784470e-02   2.2159940810e+01  -1.6607668828e-02  -1.6607668828e-02
  -1.4964043042e-02  -1.7024623518e-02   2.2156179566e+01  -2.0896897145e-02  -2.0896897145e-02
  -1.0901011942e-02  -1.2903462566e-02   2.2151723281e+01  -2.5223000761e-02  -2.5223000761e-02
  -6.8961106924e-03  -8.8985613170e-03   2.2146600941e+01  -2.9575263035e-02  -2.9575263035e-02
  -2.8912094433e-03  -4.8936600678e-03   2.2140734773e+01  -3.4010084738e-02  -3.4010084738e-02
   1.1136918059e-03  -8.8875881866e-04   2.2134112854e+01  -3.8519972072e-02  -3.8519972072e-02
   5.1185930551e-03   3.1161424305e-03   2.2126729502e+01  -4.3093434553e-02  -4.3093434553e-02
   9.1234943043e-03   7.1210436797e-03   2.2118584791e+01  -4.7715876005e-02  -4.7715876005e-02
   1.3128395553e-02   1.1125944929e-02   2.2109675349e+01  -5.2374958537e-02  -5.2374958537e-02
   1.7133296803e-02   1.5130846178e-02   2.2099986450e+01  -5.7064664635e-02  -5.7064664635e-02
   2.1138198052e-02   1.9135747427e-02   2.2089500315e+01  -6.1780548413e-02  -6.1780548413e-02
   2.5143099301e-02   2.3140648676e-02   2.2078208992e+01  -6.6512743575e-02  -6.6512743575e-02
   2.9148000550e-02   2.7145549926e-02   2.2066108000e+01  -7.1248823896e-02  -7.1248823896e-02
   3.3152901799e-02   3.1150451175e-02   2.2053184108e+01  -7.5979965413e-02  -7.5979965413e-02
   3.7157803049e-02   3.5155352424e-02   2.2039420023e+01  -8.0699832090e-02  -8.0699832090e-02
   4.1162704298e-02   3.9160253673e-02   2.2024808878e+01  -8.5399246375e-02  -8.5399246375e-02
   4.5167605547e-02   4.3165154922e-02   2.2009358407e+01  -9.0064453711e-02  -9.0064453711e-02
   4.9172506796e-02   4.7170056172e-02   2.1993076552e+01  -9.4681114056e-02  -9.4681114056e-02
   5.2991799498e-02   5.1174957421e-02   2.1976745051e+01  -9.9028124663e-02  -9.9028124663e-02
   5.6625483652e-02   5.4808641575e-02   2.1960484121e+01  -1.0311195854e-01  -1.0311195854e-01
   6.0259167806e-02   5.8442325729e-02   2.1943460515e+01  -1.0714215006e-01  -1.0714215006e-01
   6.3892851960e-02   6.2076009883e-02   2.1925643629e+01  -1.1111447284e-01  -1.1111447284e-01
   6.7526536115e-02   6.5709694038e-02   2.1907043182e+01  -1.1501645350e-01  -1.1501645350e-01
   7.1160220269e-02   6.9343378192e-02   2.1887714733e+01  -1.1882736860e-01  -1.1882736860e-01
   7.4793904423e-02   7.2977062346e-02   2.1867712314e+01  -1.2252818402e-01  -1.2252818402e-01
   7.8427588577e-02   7.6610746500e-02   2.1847045577e+01  -1.2610927991e-01  -1.2610927991e-01
   8.2061272731e-02   8.0244430654e-02   2.1825687827e+01  -1.2956801442e-01  -1.2956801442e-01
   8.5694956886e-02   8.3878114808e-02   2.1803617629e+01  -1.3290055239e-01  -1.3290055239e-01
   8.9328641040e-02   8.7511798963e-02   2.1780836442e+01  -1.3609864949e-01  -1.3609864949e-01
   9.2962325194e-02   9.1145483117e-02   2.1757348435e+01  -1.3915338365e-01  -1.3915338365e-01
   9.6596009348e-02   9.4779167271e-02   2.1733142587e+01  -1.4205863685e-01  -1.4205863685e-01
   1.0022969350e-01   9.8412851425e-02   2.1708203564e+01  -1.4480990123e-01  -1.4480990123e-01
   1.0386337766e-01   1.0204653558e-01   2.1682532063e+01  -1.4740121419e-01  -1.4740121419e-01
   1.0749706181e-01   1.0568021973e-01   2.1656144218e+01  -1.4982435183e-01  -1.4982435183e-01
   1.1093226919e-01   1.0931390389e-01   2.1630530739e+01  -1.5194773416e-01  -1.5194773416e-01
   1.1416899981e-01   1.1255063450e-01   2.1605836826e+01  -1.5380129472e-01  -1.5380129472e-01
   1.1740573042e-01   1.1578736511e-01   2.1580582437e+01  -1.5550107209e-01  -1.5550107209e-01
   1.2064246103e-01   1.1902409572e-01   2.1554764931e+01  -1.5704053269e-01  -1.5704053269e-01
   1.2387919164e-01   1.2226082634e-01   2.1528381172e+01  -1.5841356115e-01  -1.5841356115e-01
   1.2711592225e-01   1.2549755695e-01   2.1501440800e+01  -1.5961406092e-01  -1.5961406092e-01
   1.3035265287e-01   1.2873428756e-01   2.1473976404e+01  -1.6063569663e-01  -1.6063569663e-01
   1.3358938348e-01   1.3197101817e-01   2.1446039627e+01  -1.6147224150e-01  -1.6147224150e-01
   1.3682611409e-01   1.3520774878e-01   2.1417686511e+01  -1.6211815781e-01  -1.6211815781e-01
   1.4006284470e-01   1.3844447940e-01   2.1388961468e+01  -1.6256890794e-01  -1.6256890794e-01
   1.4329957532e-01   1.4168121001e-01   2.1359886283e+01  -1.6282090526e-01  -1.6282090526e-01
   1.4653630593e-01   1.4491794062e-01   2.1330458473e+01  -1.6287126903e-01  -1.6287126903e-01
   1.4977303654e-01   1.4815467123e-01   2.1300660853e+01  -1.6271752084e-01  -1.6271752084e-01
   1.5300976715e-01   1.5139140185e-01   2.1270476846e+01  -1.6235729810e-01  -1.6235729810e-01
   1.5624649776e-01   1.5462813246e-01   2.1239900430e+01  -1.6178809069e-01  -1.6178809069e-01
   1.5948322838e-01   1.5786486307e-01   2.1208934360e+01  -1.6100698045e-01  -1.6100698045e-01
   1.6261685010e-01   1.6110159368e-01   2.1178583920e+01  -1.6004235490e-01  -1.6004235490e-01
   1.6564736293e-01   1.6413210651e-01   2.1148911032e+01  -1.5891804846e-01  -1.5891804846e-01
   1.6867787576e-01   1.6716261935e-01   2.1118945527e+01  -1.5760032896e-01  -1.5760032896e-01
   1.7170838859e-01   1.7019313218e-01   2.1088723136e+01  -1.5608785066e-01  -1.5608785066e-01
   1.7473890143e-01   1.7322364501e-01   2.1058277412e+01  -1.5437975267e-01  -1.5437975267e-01
   1.7776941426e-01   1.7625415784e-01   2.1027638771e+01  -1.5247575310e-01  -1.5247575310e-01
   1.8079992709e-01   1.7928467068e-01   2.0996838316e+01  -1.5037639684e-01  -1.5037639684e-01
   1.8383043992e-01   1.8231518351e-01   2.0965909951e+01  -1.4808316703e-01  -1.4808316703e-01
   1.8686095276e-01   1.8534569634e-01   2.0934888526e+01  -1.4559829751e-01  -1.4559829751e-01
   1.8989146559e-01   1.8837620917e-01   2.0903805418e+01  -1.4292435062e-01  -1.4292435062e-01
   1.9292197842e-01   1.9140672200e-01   2.0872684747e+01  -1.4006380734e-01  -1.4006380734e-01
   1.9595249125e-01   1.9443723484e-01   2.0841542700e+01  -1.3701889353e-01  -1.3701889353e-01
   1.9898300408e-01   1.9746774767e-01   2.0810389927e+01  -1.3379168018e-01  -1.3379168018e-01
   2.0201351692e-01   2.0049826050e-01   2.0779235453e+01  -1.3038438101e-01  -1.3038438101e-01
   2.0504402975e-01   2.0352877333e-01   2.0748091043e+01  -1.2679981039e-01  -1.2679981039e-01
   2.0807454258e-01   2.0655928616e-01   2.0716975133e+01  -1.2304190768e-01  -1.2304190768e-01
   2.1113374514e-01   2.0958979900e-01   2.0685619285e+01  -1.1907872875e-01  -1.1907872875e-01
   2.1422163744e-01   2.1267769129e-01   2.0654054274e+01  -1.1491003659e-01  -1.1491003659e-01
   2.1730952973e-01   2.1576558359e-01   2.0622598735e+01  -1.1057923449e-01  -1.1057923449e-01
   2.2039742203e-01   2.1885347588e-01   2.0591274854e+01  -1.0609284567e-01  -1.0609284567e-01
   2.2348531433e-01   2.2194136818e-01   2.0560106889e+01  -1.0145826790e-01  -1.0145826790e-01
   2.2657320662e-01   2.2502926047e-01   2.0529121151e+01  -9.6683717774e-02  -9.6683717774e-02
   2.2966109892e-01   2.2811715277e-01   2.0498342555e+01  -9.1777658951e-02  -9.1777658951e-02
   2.3274899121e-01   2.3120504506e-01   2.0467791847e+01  -8.6748340977e-02  -8.6748340977e-02
   2.3583688351e-01   2.3429293736e-01   2.0437486941e+01  -8.1604041934e-02  -8.1604041934e-02
   2.3892477580e-01   2.3738082965e-01   2.0407448491e+01  -7.6354041860e-02  -7.6354041860e-02
   2.4201266810e-01   2.4046872195e-01   2.0377705036e+01  -7.1009507830e-02  -7.1009507830e-02
   2.4510056039e-01   2.4355661424e-01   2.0348292144e+01  -6.5583291070e-02  -6.5583291070e-02
   2.4818845269e-01   2.4664450654e-01   2.0319245104e+01  -6.0088558075e-02  -6.0088558075e-02
   2.5127634498e-01   2.4973239884e-01   2.0290592299e+01  -5.4537624973e-02  -5.4537624973e-02
   2.5436423728e-01   2.5282029113e-01   2.0262360358e+01  -4.8943216234e-02  -4.8943216234e-02
   2.5745212957e-01   2.5590818343e-01   2.0234593147e+01  -4.3322558758e-02  -4.3322558758e-02
   2.6072761965e-01   2.5899607572e-01   2.0205705657e+01  -3.7357516439e-02  -3.7357516439e-02
   2.6419070751e-01   2.6245916358e-01   2.0175918064e+01  -3.1077552303e-02  -3.1077552303e-02
   2.6765379536e-01   2.6592225143e-01   2.0146886787e+01  -2.4838811022e-02  -2.4838811022e-02
   2.7111688322e-01   2.6938533929e-01   2.0118573575e+01  -1.8647296569e-02  -1.8647296569e-02
   2.7457997107e-01   2.7284842715e-01   2.0090953193e+01  -1.2511558123e-02  -1.2511558123e-02
   2.7804305893e-01   2.7631151500e-01   2.0064024632e+01  -6.4452045680e-03  -6.4452045680e-03
   2.8150614679e-01   2.7977460286e-01   2.0037808433e+01  -4.6644622127e-04  -4.6644622127e-04
   2.8496923464e-01   2.8323769071e-01   2.0012335407e+01   5.4044334817e-03   5.4044334817e-03
   2.8843232250e-01   2.8670077857e-01   1.9987631294e+01   1.1148549488e-02   1.1148549488e-02
   2.9189541035e-01   2.9016386643e-01   1.9963713681e+01   1.6749063430e-02   1.6749063430e-02
   2.9535849821e-01   2.9362695428e-01   1.9940602293e+01   2.2188787439e-02   2.2188787439e-02
   2.9882158607e-01   2.9709004214e-01   1.9918326193e+01   2.7448565306e-02   2.7448565306e-02
   3.0228467392e-01   3.0055312999e-01   1.9896917815e+01   3.2508747974e-02   3.2508747974e-02
   3.0574776178e-01   3.0401621785e-01   1.9876400566e+01   3.7352194612e-02   3.7352194612e-02
   3.0921084963e-01   3.0747930571e-01   1.9856786606e+01   4.1964973163e-02   4.1964973163e-02
   3.1267393749e-01   3.1094239356e-01   1.9838098591e+01   4.6331629611e-02   4.6331629611e-02
   3.1639645897e-01   3.1440548142e-01   1.9819068949e+01   5.0736677620e-02   5.0736677620e-02
   3.2037841408e-01   3.1838743653e-01   1.9800096003e+01   5.5064250785e-02   5.5064250785e-02
   3.2436036919e-01   3.2236939164e-01   1.9782437696e+01   5.9014065892e-02   5.9014065892e-02
   3.2834232430e-01   3.2635134675e-01   1.9766010184e+01   6.2598520791e-02   6.2598520791e-02
   3.3232427941e-01   3.3033330186e-01   1.9750760531e+01   6.5824987515e-02   6.5824987515e-02
   3.3630623452e-01   3.3431525697e-01   1.9736646816e+01   6.8700619357e-02   6.8700619357e-02
   3.4028818963e-01   3.3829721208e-01   1.9723637981e+01   7.1232654008e-02   7.1232654008e-02
   3.4427014474e-01   3.4227916719e-01   1.9711713655e+01   7.3428441032e-02   7.3428441032e-02
   3.4825209985e-01   3.4626112230e-01   1.9700853149e+01   7.5297806391e-02   7.5297806391e-02
   3.5223405496e-01   3.5024307740e-01   1.9691030144e+01   7.6854555008e-02   7.6854555008e-02
   3.5621601007e-01   3.5422503251e-01   1.9682216614e+01   7.8116202779e-02   7.8116202779e-02
   3.6019796518e-01   3.5820698762e-01   1.9674383321e+01   7.9104076135e-02   7.9104076135e-02
   3.6417992029e-01   3.6218894273e-01   1.9667494190e+01   7.9844205340e-02   7.9844205340e-02
   3.6816187540e-01   3.6617089784e-01   1.9661500834e+01   8.0367934092e-02   8.0367934092e-02
   3.7214383051e-01   3.7015285295e-01   1.9656341198e+01   8.0711749111e-02   8.0711749111e-02
   3.7612578562e-01   3.7413480806e-01   1.9651942554e+01   8.0916643102e-02   8.0916643102e-02
   3.8017600063e-01   3.7811676317e-01   1.9648163013e+01   8.1029373591e-02   8.1029373591e-02
   3.8429447554e-01   3.8223523809e-01   1.9644959591e+01   8.1095817165e-02   8.1095817165e-02
   3.8841295046e-01   3.8635371300e-01   1.9642290521e+01   8.1170575013e-02   8.1170575013e-02
   3.9253142537e-01   3.9047218792e-01   1.9640046326e+01   8.1313039240e-02   8.1313039240e-02
   3.9664990029e-01   3.9459066283e-01   1.9638114526e+01   8.1585327818e-02   8.1585327818e-02
   4.0076837520e-01   3.9870913775e-01   1.9636377048e+01   8.2051951634e-02   8.2051951634e-02
   4.0488685012e-01   4.0282761266e-01   1.9634709722e+01   8.2779175344e-02   8.2779175344e-02
   4.0900532503e-01   4.0694608758e-01   1.9632982997e+01   8.3834023195e-02   8.3834023195e-02
   4.1312379995e-01   4.1106456249e-01   1.9631062817e+01   8.5283203671e-02   8.5283203671e-02
   4.1724227486e-01   4.1518303740e-01   1.9628811074e+01   8.7192493980e-02   8.7192493980e-02
   4.2136074978e-01   4.1930151232e-01   1.9626085763e+01   8.9626589963e-02   8.9626589963e-02
   4.2547922469e-01   4.2341998723e-01   1.9622741629e+01   9.2648688653e-02   9.2648688653e-02
   4.2959769961e-01   4.2753846215e-01   1.9618632162e+01   9.6319019870e-02   9.6319019870e-02
   4.3371617452e-01   4.3165693706e-01   1.9613614058e+01   1.0069150293e-01   1.0069150293e-01
   4.3783464944e-01   4.3577541198e-01   1.9607551821e+01   1.0581043617e-01   1.0581043617e-01
   4.4195312435e-01   4.3989388689e-01   1.9600304338e+01   1.1172097989e-01   1.1172097989e-01
   4.4583527476e-01   4.4401236181e-01   1.9592175827e+01   1.1811310673e-01   1.1811310673e-01
   4.4948110068e-01   4.4765818772e-01   1.9583307575e+01   1.2486502022e-01   1.2486502022e-01
   4.5312692659e-01   4.5130401363e-01   1.9573123296e+01   1.3237545281e-01   1.3237545281e-01
   4.5677275250e-01   4.5494983955e-01   1.9561540684e+01   1.4065261555e-01   1.4065261555e-01
   4.6041857841e-01   4.5859566546e-01   1.9548455879e+01   1.4972026176e-01   1.4972026176e-01
   4.6406440433e-01   4.6224149137e-01   1.9533786628e+01   1.5958675985e-01   1.5958675985e-01
   4.6771023024e-01   4.6588731728e-01   1.9517490662e+01   1.7023222119e-01   1.7023222119e-01
   4.7135605615e-01   4.6953314320e-01   1.9499533974e+01   1.8163080064e-01   1.8163080064e-01
   4.7500188207e-01   4.7317896911e-01   1.9479857658e+01   1.9377418676e-01   1.9377418676e-01
   4.7864770798e-01   4.7682479502e-01   1.9458395834e+01   2.0666120122e-01   2.0666120122e-01
   4.8229353389e-01   4.8047062093e-01   1.9435115013e+01   2.2027256423e-01   2.2027256423e-01
   4.8593935980e-01   4.8411644685e-01   1.9410012566e+01   2.3457108361e-01   2.3457108361e-01
   4.8958518572e-01   4.8776227276e-01   1.9383089235e+01   2.4951867959e-01   2.4951867959e-01
   4.9323101163e-01   4.9140809867e-01   1.9354347117e+01   2.6507857037e-01   2.6507857037e-01
   4.9687683754e-01   4.9505392459e-01   1.9323795548e+01   2.8121072960e-01   2.8121072960e-01
   5.0052266345e-01   4.9869975050e-01   1.9291387976e+01   2.9790110434e-01   2.9790110434e-01
   5.0377542709e-01   5.0234557641e-01   1.9260674239e+01   3.1332570966e-01   3.1332570966e-01
   5.0663512844e-01   5.0520527777e-01   1.9232421594e+01   3.2723653205e-01   3.2723653205e-01
   5.0949482980e-01   5.0806497912e-01   1.9203048460e+01   3.4141559039e-01   3.4141559039e-01
   5.1235453115e-01   5.1092468048e-01   1.9172741543e+01   3.5575618738e-01   3.5575618738e-01
   5.1521423251e-01   5.1378438183e-01   1.9141633929e+01   3.7018186179e-01   3.7018186179e-01
   5.1807393386e-01   5.1664408319e-01   1.9109803665e+01   3.8464721083e-01   3.8464721083e-01
   5.2093363522e-01   5.1950378454e-01   1.9077335570e+01   3.9910708062e-01   3.9910708062e-01
   5.2379333658e-01   5.2236348590e-01   1.9044348899e+01   4.1350160133e-01   4.1350160133e-01
   5.2665303793e-01   5.2522318725e-01   1.9010970380e+01   4.2776731085e-01   4.2776731085e-01
   5.2951273929e-01   5.2808288861e-01   1.8977293670e+01   4.4185537513e-01   4.4185537513e-01
   5.3237244064e-01   5.3094258996e-01   1.8943365740e+01   4.5573809010e-01   4.5573809010e-01
   5.3523214200e-01   5.3380229132e-01   1.8909205053e+01   4.6940101089e-01   4.6940101089e-01
   5.3809184335e-01   5.3666199267e-01   1.8874828623e+01   4.8283076822e-01   4.8283076822e-01
   5.4095154471e-01   5.3952169403e-01   1.8840267504e+01   4.9600794784e-01   4.9600794784e-01
   5.4381124606e-01   5.4238139538e-01   1.8805569091e+01   5.0890617788e-01   5.0890617788e-01
   5.4667094742e-01   5.4524109674e-01   1.8770793361e+01   5.2149414069e-01   5.2149414069e-01
   5.4955366912e-01   5.4810079810e-01   1.8735724555e+01   5.3383754193e-01   5.3383754193e-01
   5.5245941116e-01   5.5100654014e-01   1.8700421550e+01   5.4589346893e-01   5.4589346893e-01
   5.5536515320e-01   5.5391228218e-01   1.8665212341e+01   5.5753439718e-01   5.5753439718e-01
   5.5827089524e-01   5.5681802422e-01   1.8630142300e+01   5.6873022901e-01   5.6873022901e-01
   5.6117663728e-01   5.5972376626e-01   1.8595258901e+01   5.7944760912e-01   5.7944760912e-01
   5.6408237933e-01   5.6262950831e-01   1.8560610938e+01   5.8965133406e-01   5.8965133406e-01
   5.6698812137e-01   5.6553525035e-01   1.8526263039e+01   5.9930270874e-01   5.9930270874e-01
   5.6989386341e-01   5.6844099239e-01   1.8492326169e+01   6.0835304676e-01   6.0835304676e-01
   5.7279960545e-01   5.7134673443e-01   1.8458972206e+01   6.1673981152e-01   6.1673981152e-01
   5.7570534749e-01   5.7425247647e-01   1.8426405431e+01   6.2439252588e-01   6.2439252588e-01
   5.7861108954e-01   5.7715821852e-01   1.8394805826e+01   6.3124528250e-01   6.3124528250e-01
   5.8151683158e-01   5.8006396056e-01   1.8364289537e+01   6.3724528740e-01   6.3724528740e-01
   5.8442257362e-01   5.8296970260e-01   1.8334917771e+01   6.4235105629e-01   6.4235105629e-01
   5.8732831566e-01   5.8587544464e-01   1.8306747480e+01   6.4652429712e-01   6.4652429712e-01
   5.9023405771e-01   5.8878118668e-01   1.8279890734e+01   6.4972559150e-01   6.4972559150e-01
   5.9313979975e-01   5.9168692873e-01   1.8254541870e+01   6.5191990450e-01   6.5191990450e-01
   5.9653654813e-01   5.9459267077e-01   1.8226945547e+01   6.5328276528e-01   6.5328276528e-01
   6.0042430285e-01   5.9848042549e-01   1.8198814007e+01   6.5298522811e-01   6.5298522811e-01
   6.0431205757e-01   6.0236818021e-01   1.8173974090e+01   6.5081846116e-01   6.5081846116e-01
   6.0819981229e-01   6.0625593493e-01   1.8152338951e+01   6.4676558454e-01   6.4676558454e-01
   6.1208756700e-01   6.1014368965e-01   1.8133997489e+01   6.4080452764e-01   6.4080452764e-01
   6.1597532172e-01   6.1403144436e-01   1.8118998200e+01   6.3290319228e-01   6.3290319228e-01
   6.1986307644e-01   6.1791919908e-01   1.8107315403e+01   6.2303003701e-01   6.2303003701e-01
   6.2375083116e-01   6.2180695380e-01   1.8098923748e+01   6.1117763452e-01   6.1117763452e-01
   6.2763858588e-01   6.2569470852e-01   1.8093818900e+01   5.9737115145e-01   5.9737115145e-01
   6.3152634060e-01   6.2958246324e-01   1.8091978076e+01   5.8165310021e-01   5.8165310021e-01
   6.3541409532e-01   6.3347021796e-01   1.8093327752e+01   5.6406687571e-01   5.6406687571e-01
   6.3930185004e-01   6.3735797268e-01   1.8097740115e+01   5.4464807985e-01   5.4464807985e-01
   6.4318960476e-01   6.4124572740e-01   1.8105041022e+01   5.2341878859e-01   5.2341878859e-01
   6.4707735948e-01   6.4513348212e-01   1.8115015798e+01   5.0038308215e-01   5.0038308215e-01
   6.5096511420e-01   6.4902123684e-01   1.8127408162e+01   4.7552763681e-01   4.7552763681e-01
   6.5485286892e-01   6.5290899156e-01   1.8141908189e+01   4.4883411756e-01   4.4883411756e-01
   6.5860501028e-01   6.5679674628e-01   1.8157568620e+01   4.2128934493e-01   4.2128934493e-01
   6.6222153830e-01   6.6041327429e-01   1.8173781649e+01   3.9311926815e-01   3.9311926815e-01
   6.6583806632e-01   6.6402980231e-01   1.8190703198e+01   3.6326987950e-01   3.6326987950e-01
   6.6945459434e-01   6.6764633033e-01   1.8207833403e+01   3.3170465931e-01   3.3170465931e-01
   6.7307112236e-01   6.7126285835e-01   1.8224587665e+01   2.9838793007e-01   2.9838793007e-01
   6.7668765038e-01   6.7487938637e-01   1.8240337050e+01   2.6320314271e-01   2.6320314271e-01
   6.8030417840e-01   6.7849591439e-01   1.8254371237e+01   2.2601800725e-01   2.2601800725e-01
   6.8392070642e-01   6.8211244241e-01   1.8265843472e+01   1.8678822606e-01   1.8678822606e-01
   6.8753723443e-01   6.8572897042e-01   1.8273773728e+01   1.4553287428e-01   1.4553287428e-01
   6.9115376245e-01   6.8934549844e-01   1.8277099461e+01   1.0220258034e-01   1.0220258034e-01
   6.9477029047e-01   6.9296202646e-01   1.8274707458e+01   5.6634689549e-02   5.6634689549e-02
   6.9838681849e-01   6.9657855448e-01   1.8265406627e+01   8.6699779847e-03   8.6699779847e-03
   7.0200334651e-01   7.0019508250e-01   1.8247866895e+01  -4.1779494279e-02  -4.1779494279e-02
   7.0561987453e-01   7.0381161052e-01   1.8220546810e+01  -9.4820386010e-02  -9.4820386010e-02
   7.0923640255e-01   7.0742813854e-01   1.8181640815e+01  -1.5064986773e-01  -1.5064986773e-01
   7.1285293057e-01   7.1104466656e-01   1.8129277611e+01  -2.0943488595e-01  -2.0943488595e-01
   7.1728767835e-01   7.1466119457e-01   1.8047001262e+01  -2.8482790122e-01  -2.8482790122e-01
   7.2254064589e-01   7.1991416212e-01   1.7917118238e+01  -3.7793737001e-01  -3.7793737001e-01
   7.2779361343e-01   7.2516712966e-01   1.7749259502e+01  -4.7587699660e-01  -4.7587699660e-01
   7.3304658098e-01   7.3042009721e-01   1.7541831579e+01  -5.7726823058e-01  -5.7726823058e-01
   7.3722422858e-01   7.3567306475e-01   1.7342355951e+01  -6.6045161889e-01  -6.6045161889e-01
   7.4032655623e-01   7.3877539240e-01   1.7177709416e+01  -7.2341292056e-01  -7.2341292056e-01
   7.4342888388e-01   7.4187772006e-01   1.6997524631e+01  -7.8690895686e-01  -7.8690895686e-01
   7.4653121154e-01   7.4498004771e-01   1.6803874162e+01  -8.5000188639e-01  -8.5000188639e-01
   7.5057104460e-01   7.4808237536e-01   1.6536871606e+01  -9.3067244441e-01  -9.3067244441e-01
   7.5554838308e-01   7.5305971384e-01   1.6184812438e+01  -1.0254702833e+00  -1.0254702833e+00
   7.6034616739e-01   7.5803705232e-01   1.5827018728e+01  -1.1117760159e+00  -1.1117760159e+00
   7.6496439752e-01   7.6265528245e-01   1.5474939935e+01  -1.1883001835e+00  -1.1883001835e+00
   7.6978495788e-01   7.6727351259e-01   1.5113539958e+01  -1.2582135379e+00  -1.2582135379e+00
   7.7480784846e-01   7.7229640317e-01   1.4759851584e+01  -1.3163093314e+00  -1.3163093314e+00
   7.7903619878e-01   7.7731929375e-01   1.4489482998e+01  -1.3506550322e+00  -1.3506550322e+00
   7.8247000883e-01   7.8075310380e-01   1.4289664838e+01  -1.3693757013e+00  -1.3693757013e+00
   7.8590381888e-01   7.8418691386e-01   1.4114500569e+01  -1.3779811309e+00  -1.3779811309e+00
   7.8933762893e-01   7.8762072391e-01   1.3968610813e+01  -1.3756166918e+00  -1.3756166918e+00
   7.9281282484e-01   7.9105453396e-01   1.3853811235e+01  -1.3614164191e+00  -1.3614164191e+00
   7.9632940661e-01   7.9457111573e-01   1.3773796003e+01  -1.3342526882e+00  -1.3342526882e+00
   7.9984598838e-01   7.9808769750e-01   1.3731388459e+01  -1.2940159883e+00  -1.2940159883e+00
   8.0336257015e-01   8.0160427927e-01   1.3727223077e+01  -1.2408192786e+00  -1.2408192786e+00
   8.0687915192e-01   8.0512086103e-01   1.3760783894e+01  -1.1750982348e+00  -1.1750982348e+00
   8.1039573369e-01   8.0863744280e-01   1.3830448292e+01  -1.0973987500e+00  -1.0973987500e+00
   8.1391231546e-01   8.1215402457e-01   1.3933623746e+01  -1.0083049407e+00  -1.0083049407e+00
   8.1742889722e-01   8.1567060634e-01   1.4066608746e+01  -9.0868495193e-01  -9.0868495193e-01
   8.2081294515e-01   8.1918718811e-01   1.4218496382e+01  -8.0405725269e-01  -8.0405725269e-01
   8.2406445924e-01   8.2243870220e-01   1.4380979385e+01  -6.9719925918e-01  -6.9719925918e-01
   8.2731597333e-01   8.2569021629e-01   1.4555601635e+01  -5.8530889730e-01  -5.8530889730e-01
   8.3056748742e-01   8.2894173038e-01   1.4738431510e+01  -4.6941788474e-01  -4.6941788474e-01
   8.3372097250e-01   8.3219324446e-01   1.4920282463e+01  -3.5399439054e-01  -3.5399439054e-01
   8.3677642858e-01   8.3524870054e-01   1.5097633736e+01  -2.4025478051e-01  -2.4025478051e-01
   8.3983188466e-01   8.3830415662e-01   1.5273043480e+01  -1.2572206864e-01  -1.2572206864e-01
   8.4288734073e-01   8.4135961269e-01   1.5443175512e+01  -1.1830806533e-02  -1.1830806533e-02
   8.4649824438e-01   8.4441506877e-01   1.5634222447e+01   1.2022316001e-01   1.2022316001e-01
   8.5066459560e-01   8.4858141999e-01   1.5833297152e+01   2.6589036409e-01   2.6589036409e-01
   8.5483094682e-01   8.5274777121e-01   1.6007089006e+01   4.0306727002e-01   4.0306727002e-01
   8.5899729805e-01   8.5691412244e-01   1.6152826260e+01   5.3042788490e-01   5.3042788490e-01
   8.6313441321e-01   8.6108047366e-01   1.6267364679e+01   6.4589157769e-01   6.4589157769e-01
   8.6724229232e-01   8.6518835276e-01   1.6349806427e+01   7.4879332714e-01   7.4879332714e-01
   8.7135017142e-01   8.6929623187e-01   1.6399236117e+01   8.3871388254e-01   8.3871388254e-01
   8.7545805053e-01   8.7340411097e-01   1.6414133912e+01   9.1437123394e-01   9.1437123394e-01
   8.7956592963e-01   8.7751199008e-01   1.6393450698e+01   9.7480263732e-01   9.7480263732e-01
   8.8367380874e-01   8.8161986918e-01   1.6336570519e+01   1.0195050370e+00   1.0195050370e+00
   8.8778168784e-01   8.8572774829e-01   1.6242905321e+01   1.0484442206e+00   1.0484442206e+00
   8.9188956695e-01   8.8983562740e-01   1.6111082778e+01   1.0619819349e+00   1.0619819349e+00
   8.9549734957e-01   8.9394350650e-01   1.5959823418e+01   1.0608772511e+00   1.0608772511e+00
   8.9860503569e-01   8.9705119263e-01   1.5805778357e+01   1.0518465218e+00   1.0518465218e+00
   9.0171272182e-01   9.0015887876e-01   1.5627813843e+01   1.0351903452e+00   1.0351903452e+00
   9.0482040795e-01   9.0326656488e-01   1.5426027715e+01   1.0114978491e+00   1.0114978491e+00
   9.0852877532e-01   9.0637425101e-01   1.5156780005e+01   9.7560857111e-01   9.7560857111e-01
   9.1283782395e-01   9.1068329964e-01   1.4796607930e+01   9.2304571297e-01   9.2304571297e-01
   9.1671074449e-01   9.1499234826e-01   1.4427238109e+01   8.6734365074e-01   8.6734365074e-01
   9.2014753693e-01   9.1842914071e-01   1.4066347340e+01   8.1294081040e-01   8.1294081040e-01
   9.2333519030e-01   9.2186593315e-01   1.3701524814e+01   7.5888107231e-01   7.5888107231e-01
   9.2627370462e-01   9.2480444746e-01   1.3342954969e+01   7.0707284811e-01   7.0707284811e-01
   9.3040257133e-01   9.2774296177e-01   1.2809811580e+01   6.3259331857e-01   6.3259331857e-01
   9.3551983978e-01   9.3306218088e-01   1.2086854644e+01   5.3940355960e-01   5.3940355960e-01
   9.4026881248e-01   9.3797749869e-01   1.1363714695e+01   4.5451340890e-01   4.5451340890e-01
   9.4472420271e-01   9.4256012626e-01   1.0642053725e+01   3.7807328708e-01   3.7807328708e-01
   9.4895766670e-01   9.4688827916e-01   9.9214371257e+00   3.0980040372e-01   3.0980040372e-01
   9.5302616913e-01   9.5102705423e-01   9.2012572516e+00   2.4937125676e-01   2.4937125676e-01
   9.5697233918e-01   9.5502528402e-01   8.4811432769e+00   1.9648775338e-01   1.9648775338e-01
   9.6082811723e-01   9.5891939433e-01   7.7608716243e+00   1.5085784117e-01   1.5085784117e-01
   9.6461763065e-01   9.6273684013e-01   7.0402942678e+00   1.1217412165e-01   1.1217412165e-01
   9.6835908078e-01   9.6649842118e-01   6.3192952328e+00   8.0095593004e-02   8.0095593004e-02
   9.7206590370e-01   9.7021974039e-01   5.5977513160e+00   5.4231336268e-02   5.4231336268e-02
   9.7574747985e-01   9.7391206702e-01   4.8755082502e+00   3.4126131934e-02   3.4126131934e-02
   9.7940966563e-01   9.7758289268e-01   4.1524411568e+00   1.9249052364e-02   1.9249052364e-02
   9.8224036195e-01   9.8123643858e-01   3.5904128237e+00   1.1280561180e-02   1.1280561180e-02
   9.8424154105e-01   9.8324428532e-01   3.1919135268e+00   6.8685456169e-03   6.8685456169e-03
   9.8624950243e-01   9.8523879679e-01   2.7908780185e+00   3.5436732399e-03   3.5436732399e-03
   9.8839894289e-01   9.8726020808e-01   2.3602106837e+00   1.0458148997e-03   1.0458148997e-03
   9.9103350823e-01   9.8953767770e-01   1.8302137951e+00  -7.6030602216e-04  -7.6030602216e-04
   9.9371230617e-01   9.9252933876e-01   1.2879574648e+00  -1.2809802674e-03  -1.2809802674e-03
   9.9623815014e-01   9.9489527357e-01   7.7368534637e-01  -1.0771289188e-03  -1.0771289188e-03
   9.9879051335e-01   9.9758102671e-01   2.5005776938e-01  -3.9113314379e-04  -3.9113314379e-04