# time = 100
# Grid points = 536
# Pressure (Pa) = 101325
#             1_pos             2_posf             3_uvel             4_vvel             5_wvel
  -9.9843986800e-01  -1.0000000000e+00   2.8968316318e-01  -1.8540711528e-03  -1.8540711528e-03
  -9.9531960400e-01  -9.9687973600e-01   8.5591988992e-01  -5.7435978419e-03  -5.7435978419e-03
  -9.9190651318e-01  -9.9375947200e-01   1.4715113332e+00  -1.0756023245e-02  -1.0756023245e-02
  -9.8816834269e-01  -9.9005355437e-01   2.1446876858e+00  -1.7894338894e-02  -1.7894338894e-02
  -9.8436260479e-01  -9.8628313101e-01   2.8158020708e+00  -2.7509180745e-02  -2.7509180745e-02
  -9.8047676236e-01  -9.8244207856e-01   3.4837945145e+00  -4.0452389628e-02  -4.0452389628e-02
  -9.7648690313e-01  -9.7851144615e-01   4.1510234118e+00  -5.7656676789e-02  -5.7656676789e-02
  -9.7236059523e-01  -9.7446236012e-01   4.8185536239e+00  -8.0142613611e-02  -8.0142613611e-02
  -9.6805723004e-01  -9.7025883033e-01   5.4866204239e+00  -1.0905144131e-01  -1.0905144131e-01
  -9.6352527600e-01  -9.6585562975e-01   6.1550310868e+00  -1.4567217369e-01  -1.4567217369e-01
  -9.5870604941e-01  -9.6119492224e-01   6.8216303048e+00  -1.9130868583e-01  -1.9130868583e-01
  -9.5356415771e-01  -9.5621717659e-01   7.4775540684e+00  -2.4659595008e-01  -2.4659595008e-01
  -9.4951904410e-01  -9.5091113884e-01   7.9566753524e+00  -2.9591933347e-01  -2.9591933347e-01
  -9.4673485463e-01  -9.4812694936e-01   8.2880856348e+00  -3.3382728673e-01  -3.3382728673e-01
  -9.4384437210e-01  -9.4534275989e-01   8.6308511514e+00  -3.7673416447e-01  -3.7673416447e-01
  -9.4084759652e-01  -9.4234598431e-01   8.9725288266e+00  -4.2331542094e-01  -4.2331542094e-01
  -9.3767807034e-01  -9.3934920873e-01   9.3125584829e+00  -4.7353728499e-01  -4.7353728499e-01
  -9.3433579357e-01  -9.3600693195e-01   9.6472384923e+00  -5.2718305810e-01  -5.2718305810e-01
  -9.3074055178e-01  -9.3266465518e-01   9.9832306224e+00  -5.8504671485e-01  -5.8504671485e-01
  -9.2689234498e-01  -9.2881644838e-01   1.0317318045e+01  -6.4668700864e-01  -6.4668700864e-01
  -9.2268584091e-01  -9.2496824158e-01   1.0651609842e+01  -7.1187834361e-01  -7.1187834361e-01
  -9.1812103957e-01  -9.2040344024e-01   1.0985616186e+01  -7.8009043374e-01  -7.8009043374e-01
  -9.1311600287e-01  -9.1583863890e-01   1.1308441206e+01  -8.4764075424e-01  -8.4764075424e-01
  -9.0767073081e-01  -9.1039336684e-01   1.1629028865e+01  -9.1464898752e-01  -9.1464898752e-01
  -9.0323714432e-01  -9.0494809478e-01   1.1882393812e+01  -9.6575105720e-01  -9.6575105720e-01
  -8.9981524338e-01  -9.0152619385e-01   1.2064873763e+01  -1.0008214903e+00  -1.0008214903e+00
  -8.9639334245e-01  -8.9810429292e-01   1.2229178647e+01  -1.0301586602e+00  -1.0301586602e+00
  -8.9297144151e-01  -8.9468239198e-01   1.2374037310e+01  -1.0531294200e+00  -1.0531294200e+00
  -8.8921399937e-01  -8.9126049105e-01   1.2520639577e+01  -1.0722852292e+00  -1.0722852292e+00
  -8.8512101602e-01  -8.8716750770e-01   1.2658404052e+01  -1.0839481558e+00  -1.0839481558e+00
  -8.8102803267e-01  -8.8307452435e-01   1.2764653922e+01  -1.0852598927e+00  -1.0852598927e+00
  -8.7693504932e-01  -8.7898154100e-01   1.2843648726e+01  -1.0766229783e+00  -1.0766229783e+00
  -8.7284206597e-01  -8.7488855765e-01   1.2899647291e+01  -1.0578721937e+00  -1.0578721937e+00
  -8.6874908262e-01  -8.7079557430e-01   1.2931176682e+01  -1.0289726361e+00  -1.0289726361e+00
  -8.6465609927e-01  -8.6670259095e-01   1.2937075860e+01  -9.8984988417e-01  -9.8984988417e-01
  -8.6056311592e-01  -8.6260960760e-01   1.2917118180e+01  -9.4009274589e-01  -9.4009274589e-01
  -8.5687834890e-01  -8.5851662425e-01   1.2876302519e+01  -8.8553307542e-01  -8.8553307542e-01
  -8.5360179820e-01  -8.5524007355e-01   1.2826191027e+01  -8.3184692147e-01  -8.3184692147e-01
  -8.5032524749e-01  -8.5196352285e-01   1.2765246955e+01  -7.7458572402e-01  -7.7458572402e-01
  -8.4704869679e-01  -8.4868697214e-01   1.2693328307e+01  -7.1230192182e-01  -7.1230192182e-01
  -8.4377214609e-01  -8.4541042144e-01   1.2611046115e+01  -6.4433165744e-01  -6.4433165744e-01
  -8.4049559539e-01  -8.4213387074e-01   1.2523517295e+01  -5.7368046720e-01  -5.7368046720e-01
  -8.3721904469e-01  -8.3885732004e-01   1.2433728282e+01  -5.0139381677e-01  -5.0139381677e-01
  -8.3394249398e-01  -8.3558076933e-01   1.2344641798e+01  -4.2831783259e-01  -4.2831783259e-01
  -8.3028038782e-01  -8.3230421863e-01   1.2249107808e+01  -3.4656232031e-01  -3.4656232031e-01
  -8.2623272621e-01  -8.2825655702e-01   1.2153377508e+01  -2.5684851768e-01  -2.5684851768e-01
  -8.2218506459e-01  -8.2420889540e-01   1.2077510533e+01  -1.7337245304e-01  -1.7337245304e-01
  -8.1813740297e-01  -8.2016123378e-01   1.2029258431e+01  -1.0019065023e-01  -1.0019065023e-01
  -8.1408974136e-01  -8.1611357216e-01   1.2013252551e+01  -3.7672893923e-02  -3.7672893923e-02
  -8.1004207974e-01  -8.1206591055e-01   1.2033878366e+01   1.4043670336e-02   1.4043670336e-02
  -8.0599441812e-01  -8.0801824893e-01   1.2094619426e+01   5.0629084268e-02   5.0629084268e-02
  -8.0194675651e-01  -8.0397058731e-01   1.2199309156e+01   7.1773984702e-02   7.1773984702e-02
  -7.9833538098e-01  -7.9992292570e-01   1.2330784791e+01   7.6652032416e-02   7.6652032416e-02
  -7.9516029154e-01  -7.9674783626e-01   1.2470578792e+01   7.1618055713e-02   7.1618055713e-02
  -7.9198520210e-01  -7.9357274682e-01   1.2629394918e+01   5.8172078848e-02   5.8172078848e-02
  -7.8881011266e-01  -7.9039765738e-01   1.2806756560e+01   3.6505769350e-02   3.6505769350e-02
  -7.8491970156e-01  -7.8722256794e-01   1.3057145536e+01  -1.2203185308e-03  -1.2203185308e-03
  -7.8031396879e-01  -7.8261683517e-01   1.3393118950e+01  -6.1449448418e-02  -6.1449448418e-02
  -7.7590763129e-01  -7.7801110241e-01   1.3731173276e+01  -1.2936283648e-01  -1.2936283648e-01
  -7.7170068906e-01  -7.7380416017e-01   1.4061249068e+01  -2.0150567976e-01  -2.0150567976e-01
  -7.6738614901e-01  -7.6959721794e-01   1.4396092068e+01  -2.8028425069e-01  -2.8028425069e-01
  -7.6296401114e-01  -7.6517508007e-01   1.4720661293e+01  -3.6254156385e-01  -3.6254156385e-01
  -7.5813479609e-01  -7.6075294221e-01   1.5055091818e+01  -4.5425393697e-01  -4.5425393697e-01
  -7.5289850386e-01  -7.5551664997e-01   1.5384349997e+01  -5.5360921465e-01  -5.5360921465e-01
  -7.4836202727e-01  -7.5028035774e-01   1.5641331432e+01  -6.3874926923e-01  -6.3874926923e-01
  -7.4452536632e-01  -7.4644369680e-01   1.5830967541e+01  -7.0593786852e-01  -7.0593786852e-01
  -7.4068870538e-01  -7.4260703585e-01   1.5986013399e+01  -7.6452537579e-01  -7.6452537579e-01
  -7.3685204443e-01  -7.3877037490e-01   1.6122635950e+01  -8.1909417424e-01  -8.1909417424e-01
  -7.3235712810e-01  -7.3493371396e-01   1.6262650348e+01  -8.7668941059e-01  -8.7668941059e-01
  -7.2720395637e-01  -7.2978054223e-01   1.6385649015e+01  -9.2540424876e-01  -9.2540424876e-01
  -7.2205078465e-01  -7.2462737051e-01   1.6476226129e+01  -9.5362415022e-01  -9.5362415022e-01
  -7.1689761293e-01  -7.1947419879e-01   1.6544960537e+01  -9.6177051938e-01  -9.6177051938e-01
  -7.1174444120e-01  -7.1432102706e-01   1.6592444077e+01  -9.4684333990e-01  -9.4684333990e-01
  -7.0659126948e-01  -7.0916785534e-01   1.6620898246e+01  -9.0729198318e-01  -9.0729198318e-01
  -7.0143809776e-01  -7.0401468362e-01   1.6630352545e+01  -8.4215483897e-01  -8.4215483897e-01
  -6.9628492603e-01  -6.9886151189e-01   1.6618508294e+01  -7.5482233036e-01  -7.5482233036e-01
  -6.9217321368e-01  -6.9370834017e-01   1.6589730056e+01  -6.6980629799e-01  -6.6980629799e-01
  -6.8910296069e-01  -6.9063808718e-01   1.6557206487e+01  -5.9912113609e-01  -5.9912113609e-01
  -6.8603270769e-01  -6.8756783419e-01   1.6511903616e+01  -5.2136566780e-01  -5.2136566780e-01
  -6.8296245470e-01  -6.8449758120e-01   1.6452379872e+01  -4.3722641728e-01  -4.3722641728e-01
  -6.7989220171e-01  -6.8142732821e-01   1.6377627801e+01  -3.4787880357e-01  -3.4787880357e-01
  -6.7682194872e-01  -6.7835707522e-01   1.6286833057e+01  -2.5440107504e-01  -2.5440107504e-01
  -6.7375169573e-01  -6.7528682223e-01   1.6179870274e+01  -1.5779266351e-01  -1.5779266351e-01
  -6.7068144274e-01  -6.7221656923e-01   1.6057659595e+01  -5.9261487140e-02  -5.9261487140e-02
  -6.6765611758e-01  -6.6914631624e-01   1.5920597080e+01   4.0727761215e-02   4.0727761215e-02
  -6.6467572025e-01  -6.6616591891e-01   1.5767884078e+01   1.4318920053e-01   1.4318920053e-01
  -6.6169532292e-01  -6.6318552158e-01   1.5602167210e+01   2.4657521746e-01   2.4657521746e-01
  -6.5871492559e-01  -6.6020512425e-01   1.5429470161e+01   3.4709641849e-01   3.4709641849e-01
  -6.5477703874e-01  -6.5722472692e-01   1.5187131540e+01   4.7958277066e-01   4.7958277066e-01
  -6.4988166239e-01  -6.5232935057e-01   1.4850864668e+01   6.5034204447e-01   6.5034204447e-01
  -6.4511553492e-01  -6.4743397422e-01   1.4514914325e+01   8.1239874237e-01   8.1239874237e-01
  -6.4047865633e-01  -6.4279709563e-01   1.4184937617e+01   9.6652889289e-01   9.6652889289e-01
  -6.3564605250e-01  -6.3816021704e-01   1.3847163097e+01   1.1218759465e+00   1.1218759465e+00
  -6.3061772343e-01  -6.3313188797e-01   1.3524472897e+01   1.2704587201e+00   1.2704587201e+00
  -6.2644777701e-01  -6.2810355890e-01   1.3276982372e+01   1.3867539788e+00   1.3867539788e+00
  -6.2313621323e-01  -6.2479199512e-01   1.3093670602e+01   1.4752008061e+00   1.4752008061e+00
  -6.1982464945e-01  -6.2148043134e-01   1.2929840365e+01   1.5571433443e+00   1.5571433443e+00
  -6.1651308567e-01  -6.1816886756e-01   1.2787333331e+01   1.6319914363e+00   1.6319914363e+00
  -6.1279521653e-01  -6.1485730378e-01   1.2650215173e+01   1.7089016302e+00   1.7089016302e+00
  -6.0867104204e-01  -6.1073312929e-01   1.2531649326e+01   1.7835822207e+00   1.7835822207e+00
  -6.0454686755e-01  -6.0660895480e-01   1.2447708778e+01   1.8472167166e+00   1.8472167166e+00
  -6.0042269306e-01  -6.0248478031e-01   1.2398091425e+01   1.8999373633e+00   1.8999373633e+00
  -5.9629851857e-01  -5.9836060582e-01   1.2382087075e+01   1.9420374221e+00   1.9420374221e+00
  -5.9217434409e-01  -5.9423643133e-01   1.2399100562e+01   1.9736966986e+00   1.9736966986e+00
  -5.8805016960e-01  -5.9011225684e-01   1.2448680427e+01   1.9949803713e+00   1.9949803713e+00
  -5.8392599511e-01  -5.8598808235e-01   1.2530310423e+01   2.0059410159e+00   2.0059410159e+00
  -5.7995424773e-01  -5.8186390786e-01   1.2639400069e+01   2.0066066175e+00   2.0066066175e+00
  -5.7613492747e-01  -5.7804458760e-01   1.2772827876e+01   1.9982761162e+00   1.9982761162e+00
  -5.7231560720e-01  -5.7422526733e-01   1.2937320773e+01   1.9806455015e+00   1.9806455015e+00
  -5.6849628694e-01  -5.7040594707e-01   1.3132451813e+01   1.9535684851e+00   1.9535684851e+00
  -5.6408254422e-01  -5.6658662681e-01   1.3392695727e+01   1.9114624417e+00   1.9114624417e+00
  -5.5907437905e-01  -5.6157846164e-01   1.3714345809e+01   1.8524320510e+00   1.8524320510e+00
  -5.5446052253e-01  -5.5657029646e-01   1.4043627928e+01   1.7860974242e+00   1.7860974242e+00
  -5.5024097467e-01  -5.5235074860e-01   1.4374794028e+01   1.7149832931e+00   1.7149832931e+00
  -5.4615415878e-01  -5.4813120074e-01   1.4710051579e+01   1.6386753302e+00   1.6386753302e+00
  -5.4220007486e-01  -5.4417711682e-01   1.5040914712e+01   1.5589683944e+00   1.5589683944e+00
  -5.3816689036e-01  -5.4022303290e-01   1.5376495224e+01   1.4729076545e+00   1.4729076545e+00
  -5.3405460528e-01  -5.3611074782e-01   1.5707033026e+01   1.3814356275e+00   1.3814356275e+00
  -5.2957788846e-01  -5.3199846274e-01   1.6047280489e+01   1.2784360846e+00   1.2784360846e+00
  -5.2473673991e-01  -5.2715731418e-01   1.6369882591e+01   1.1675234131e+00   1.1675234131e+00
  -5.2050470294e-01  -5.2231616563e-01   1.6615863947e+01   1.0682755177e+00   1.0682755177e+00
  -5.1688177757e-01  -5.1869324026e-01   1.6808055521e+01   9.7795576200e-01   9.7795576200e-01
  -5.1325885220e-01  -5.1507031489e-01   1.6977472211e+01   8.8249285879e-01   8.8249285879e-01
  -5.0963592683e-01  -5.1144738952e-01   1.7114693237e+01   7.8607355470e-01   7.8607355470e-01
  -5.0549677985e-01  -5.0782446415e-01   1.7231033660e+01   6.7835810986e-01   6.7835810986e-01
  -5.0084141124e-01  -5.0316909555e-01   1.7315562016e+01   5.5560432281e-01   5.5560432281e-01
  -4.9618604264e-01  -4.9851372694e-01   1.7357448904e+01   4.3130400679e-01   4.3130400679e-01
  -4.9153067404e-01  -4.9385835834e-01   1.7360168153e+01   3.0684505782e-01   3.0684505782e-01
  -4.8687530543e-01  -4.8920298974e-01   1.7329220188e+01   1.8366203553e-01   1.8366203553e-01
  -4.8221993683e-01  -4.8454762113e-01   1.7270811191e+01   6.3243496768e-02   6.3243496768e-02
  -4.7756456823e-01  -4.7989225253e-01   1.7190874325e+01  -5.3355157889e-02  -5.3355157889e-02
  -4.7290919962e-01  -4.7523688392e-01   1.7094560525e+01  -1.6578726571e-01  -1.6578726571e-01
  -4.6876376855e-01  -4.7058151532e-01   1.7000329826e+01  -2.6009173932e-01  -2.6009173932e-01
  -4.6512827502e-01  -4.6694602179e-01   1.6916709070e+01  -3.3635904429e-01  -3.3635904429e-01
  -4.6149278148e-01  -4.6331052825e-01   1.6832827993e+01  -4.0765150724e-01  -4.0765150724e-01
  -4.5785728795e-01  -4.5967503471e-01   1.6750879548e+01  -4.7378446101e-01  -4.7378446101e-01
  -4.5422179441e-01  -4.5603954118e-01   1.6673297401e+01  -5.3400383593e-01  -5.3400383593e-01
  -4.5058630087e-01  -4.5240404764e-01   1.6601604968e+01  -5.8819727706e-01  -5.8819727706e-01
  -4.4695080734e-01  -4.4876855411e-01   1.6536696480e+01  -6.3666967636e-01  -6.3666967636e-01
  -4.4331531380e-01  -4.4513306057e-01   1.6479135476e+01  -6.7986771511e-01  -6.7986771511e-01
  -4.3999182644e-01  -4.4149756703e-01   1.6433343860e+01  -7.1518892406e-01  -7.1518892406e-01
  -4.3698034526e-01  -4.3848608585e-01   1.6397038454e+01  -7.4453252460e-01  -7.4453252460e-01
  -4.3396886408e-01  -4.3547460467e-01   1.6366470105e+01  -7.7121402750e-01  -7.7121402750e-01
  -4.3095738290e-01  -4.3246312349e-01   1.6342185544e+01  -7.9514345812e-01  -7.9514345812e-01
  -4.2794590172e-01  -4.2945164231e-01   1.6324534938e+01  -8.1631767570e-01  -8.1631767570e-01
  -4.2493442054e-01  -4.2644016113e-01   1.6313726194e+01  -8.3477743663e-01  -8.3477743663e-01
  -4.2192293936e-01  -4.2342867995e-01   1.6309804136e+01  -8.5062012007e-01  -8.5062012007e-01
  -4.1891145818e-01  -4.2041719877e-01   1.6312670656e+01  -8.6401510993e-01  -8.6401510993e-01
  -4.1589997700e-01  -4.1740571759e-01   1.6322169083e+01  -8.7514434108e-01  -8.7514434108e-01
  -4.1288849583e-01  -4.1439423642e-01   1.6338129354e+01  -8.8415453787e-01  -8.8415453787e-01
  -4.0987701465e-01  -4.1138275524e-01   1.6360362628e+01  -8.9115666481e-01  -8.9115666481e-01
  -4.0686553347e-01  -4.0837127406e-01   1.6388646313e+01  -8.9623981592e-01  -8.9623981592e-01
  -4.0385405229e-01  -4.0535979288e-01   1.6422715602e+01  -8.9947980892e-01  -8.9947980892e-01
  -4.0084257111e-01  -4.0234831170e-01   1.6462259791e+01  -9.0094239898e-01  -9.0094239898e-01
  -3.9783108993e-01  -3.9933683052e-01   1.6506927802e+01  -9.0068391606e-01  -9.0068391606e-01
  -3.9481960875e-01  -3.9632534934e-01   1.6556355807e+01  -8.9875144955e-01  -8.9875144955e-01
  -3.9163259536e-01  -3.9331386816e-01   1.6613330445e+01  -8.9497750079e-01  -8.9497750079e-01
  -3.8827004977e-01  -3.8995132257e-01   1.6678428602e+01  -8.8900742115e-01  -8.8900742115e-01
  -3.8490750419e-01  -3.8658877698e-01   1.6747885007e+01  -8.8108176787e-01  -8.8108176787e-01
  -3.8154495860e-01  -3.8322623139e-01   1.6821354730e+01  -8.7118904176e-01  -8.7118904176e-01
  -3.7818241301e-01  -3.7986368580e-01   1.6898459734e+01  -8.5930978353e-01  -8.5930978353e-01
  -3.7481986742e-01  -3.7650114022e-01   1.6978755697e+01  -8.4541466646e-01  -8.4541466646e-01
  -3.7145732183e-01  -3.7313859463e-01   1.7061776881e+01  -8.2946896903e-01  -8.2946896903e-01
  -3.6809477624e-01  -3.6977604904e-01   1.7146743338e+01  -8.1150457641e-01  -8.1150457641e-01
  -3.6485298175e-01  -3.6641350345e-01   1.7229515623e+01  -7.9232776480e-01  -7.9232776480e-01
  -3.6173193836e-01  -3.6329246006e-01   1.7309564902e+01  -7.7218316608e-01  -7.7218316608e-01
  -3.5861089496e-01  -3.6017141666e-01   1.7389512366e+01  -7.5037326699e-01  -7.5037326699e-01
  -3.5548985157e-01  -3.5705037327e-01   1.7468795575e+01  -7.2695466989e-01  -7.2695466989e-01
  -3.5236880818e-01  -3.5392932987e-01   1.7546973082e+01  -7.0196075048e-01  -7.0196075048e-01
  -3.4924776478e-01  -3.5080828648e-01   1.7623797968e+01  -6.7536260735e-01  -6.7536260735e-01
  -3.4612672139e-01  -3.4768724308e-01   1.7699214048e+01  -6.4704826069e-01  -6.4704826069e-01
  -3.4300567799e-01  -3.4456619969e-01   1.7773069705e+01  -6.1696923252e-01  -6.1696923252e-01
  -3.3935389440e-01  -3.4144515630e-01   1.7856491308e+01  -5.8021476168e-01  -5.8021476168e-01
  -3.3517137062e-01  -3.3726263251e-01   1.7944232218e+01  -5.3734078797e-01  -5.3734078797e-01
  -3.3098884684e-01  -3.3308010873e-01   1.8027443971e+01  -4.9202252218e-01  -4.9202252218e-01
  -3.2680632306e-01  -3.2889758495e-01   1.8106012178e+01  -4.4423057241e-01  -4.4423057241e-01
  -3.2262379928e-01  -3.2471506117e-01   1.8179034372e+01  -3.9436399179e-01  -3.9436399179e-01
  -3.1844127550e-01  -3.2053253739e-01   1.8245666428e+01  -3.4305476998e-01  -3.4305476998e-01
  -3.1425875172e-01  -3.1635001361e-01   1.8304977985e+01  -2.9136751487e-01  -2.9136751487e-01
  -3.1007622793e-01  -3.1216748982e-01   1.8357883157e+01  -2.3909161541e-01  -2.3909161541e-01
  -3.0623805973e-01  -3.0798496604e-01   1.8401091625e+01  -1.9073923679e-01  -1.9073923679e-01
  -3.0274424711e-01  -3.0449115342e-01   1.8436449557e+01  -1.4671423910e-01  -1.4671423910e-01
  -2.9925043449e-01  -3.0099734080e-01   1.8468968142e+01  -1.0168439919e-01  -1.0168439919e-01
  -2.9575662186e-01  -2.9750352818e-01   1.8498584605e+01  -5.6206915011e-02  -5.6206915011e-02
  -2.9226280924e-01  -2.9400971555e-01   1.8525152811e+01  -1.0972509942e-02  -1.0972509942e-02
  -2.8876899662e-01  -2.9051590293e-01   1.8548951254e+01   3.3792043285e-02   3.3792043285e-02
  -2.8527518400e-01  -2.8702209031e-01   1.8570398406e+01   7.7965428110e-02   7.7965428110e-02
  -2.8178137137e-01  -2.8352827768e-01   1.8589908980e+01   1.2137405402e-01   1.2137405402e-01
  -2.7828755875e-01  -2.8003446506e-01   1.8607883311e+01   1.6379845959e-01   1.6379845959e-01
  -2.7479374613e-01  -2.7654065244e-01   1.8624713715e+01   2.0499851695e-01   2.0499851695e-01
  -2.7129993351e-01  -2.7304683982e-01   1.8640787809e+01   2.4473605052e-01   2.4473605052e-01
  -2.6780612088e-01  -2.6955302719e-01   1.8656489439e+01   2.8279427481e-01   2.8279427481e-01
  -2.6431230826e-01  -2.6605921457e-01   1.8672197703e+01   3.1899187951e-01   3.1899187951e-01
  -2.6081849564e-01  -2.6256540195e-01   1.8688286903e+01   3.5319473887e-01   3.5319473887e-01
  -2.5732468302e-01  -2.5907158933e-01   1.8705136380e+01   3.8533511755e-01   3.8533511755e-01
  -2.5383087039e-01  -2.5557777670e-01   1.8723154832e+01   4.1542671378e-01   4.1542671378e-01
  -2.5059894168e-01  -2.5208396408e-01   1.8741255348e+01   4.4134198087e-01   4.4134198087e-01
  -2.4762889686e-01  -2.4911391927e-01   1.8759063455e+01   4.6341280226e-01   4.6341280226e-01
  -2.4465885205e-01  -2.4614387446e-01   1.8778058929e+01   4.8356919773e-01   4.8356919773e-01
  -2.4168880724e-01  -2.4317382964e-01   1.8798474265e+01   5.0198150875e-01   5.0198150875e-01
  -2.3871876242e-01  -2.4020378483e-01   1.8820467631e+01   5.1874016020e-01   5.1874016020e-01
  -2.3574871761e-01  -2.3723374002e-01   1.8844071998e+01   5.3376394708e-01   5.3376394708e-01
  -2.3277867280e-01  -2.3426369521e-01   1.8869353008e+01   5.4699076307e-01   5.4699076307e-01
  -2.2980862799e-01  -2.3129365039e-01   1.8896405704e+01   5.5841315952e-01   5.5841315952e-01
  -2.2683858317e-01  -2.2832360558e-01   1.8925216227e+01   5.6801351904e-01   5.6801351904e-01
  -2.2386853836e-01  -2.2535356077e-01   1.8955651291e+01   5.7575951958e-01   5.7575951958e-01
  -2.2089849355e-01  -2.2238351595e-01   1.8987661994e+01   5.8166818082e-01   5.8166818082e-01
  -2.1792844873e-01  -2.1941347114e-01   1.9021301597e+01   5.8579796005e-01   5.8579796005e-01
  -2.1495840392e-01  -2.1644342633e-01   1.9056594945e+01   5.8820736576e-01   5.8820736576e-01
  -2.1198835911e-01  -2.1347338152e-01   1.9093447018e+01   5.8894585817e-01   5.8894585817e-01
  -2.0901831430e-01  -2.1050333670e-01   1.9131626839e+01   5.8806335066e-01   5.8806335066e-01
  -2.0604826948e-01  -2.0753329189e-01   1.9170883941e+01   5.8561607975e-01   5.8561607975e-01
  -2.0223465076e-01  -2.0456324708e-01   1.9222651060e+01   5.8054428095e-01   5.8054428095e-01
  -1.9757745813e-01  -1.9990605445e-01   1.9289186649e+01   5.7085100168e-01   5.7085100168e-01
  -1.9292026550e-01  -1.9524886182e-01   1.9357641955e+01   5.5782383683e-01   5.5782383683e-01
  -1.8826307287e-01  -1.9059166919e-01   1.9427592774e+01   5.4172336194e-01   5.4172336194e-01
  -1.8360588024e-01  -1.8593447656e-01   1.9498506219e+01   5.2283651849e-01   5.2283651849e-01
  -1.7894868761e-01  -1.8127728393e-01   1.9569611847e+01   5.0146042534e-01   5.0146042534e-01
  -1.7429149498e-01  -1.7662009130e-01   1.9640205202e+01   4.7786088542e-01   4.7786088542e-01
  -1.6963430235e-01  -1.7196289867e-01   1.9709807653e+01   4.5223586343e-01   4.5223586343e-01
  -1.6587434499e-01  -1.6730570604e-01   1.9764237341e+01   4.3027273145e-01   4.3027273145e-01
  -1.6301162290e-01  -1.6444298395e-01   1.9804561209e+01   4.1301109548e-01   4.1301109548e-01
  -1.6014890081e-01  -1.6158026186e-01   1.9844137126e+01   3.9505943236e-01   3.9505943236e-01
  -1.5728617872e-01  -1.5871753977e-01   1.9882870967e+01   3.7648204593e-01   3.7648204593e-01
  -1.5442345663e-01  -1.5585481768e-01   1.9920274895e+01   3.5748807181e-01   3.5748807181e-01
  -1.5156073454e-01  -1.5299209559e-01   1.9956062329e+01   3.3818825039e-01   3.3818825039e-01
  -1.4869801245e-01  -1.5012937350e-01   1.9990158895e+01   3.1860634426e-01   3.1860634426e-01
  -1.4583529037e-01  -1.4726665141e-01   2.0022515787e+01   2.9876025474e-01   2.9876025474e-01
  -1.4297256828e-01  -1.4440392932e-01   2.0053053196e+01   2.7868187152e-01   2.7868187152e-01
  -1.4010984619e-01  -1.4154120723e-01   2.0081677132e+01   2.5840501691e-01   2.5840501691e-01
  -1.3724712410e-01  -1.3867848514e-01   2.0108301593e+01   2.3794879096e-01   2.3794879096e-01
  -1.3438440201e-01  -1.3581576305e-01   2.0132858803e+01   2.1730666877e-01   2.1730666877e-01
  -1.3152167992e-01  -1.3295304096e-01   2.0155275129e+01   1.9647110796e-01   1.9647110796e-01
  -1.2865895783e-01  -1.3009031887e-01   2.0175409526e+01   1.7550951819e-01   1.7550951819e-01
  -1.2579623574e-01  -1.2722759678e-01   2.0193047068e+01   1.5459299101e-01   1.5459299101e-01
  -1.2293351365e-01  -1.2436487469e-01   2.0208027823e+01   1.3386466388e-01   1.3386466388e-01
  -1.1972543835e-01  -1.2150215260e-01   2.0221842225e+01   1.1083993599e-01   1.1083993599e-01
  -1.1617200984e-01  -1.1794872410e-01   2.0233182336e+01   8.5583616945e-02   8.5583616945e-02
  -1.1261858134e-01  -1.1439529559e-01   2.0240434541e+01   6.0986616413e-02   6.0986616413e-02
  -1.0906515283e-01  -1.1084186708e-01   2.0243661834e+01   3.6888258590e-02   3.6888258590e-02
  -1.0551172433e-01  -1.0728843858e-01   2.0242951826e+01   1.3160745080e-02   1.3160745080e-02
  -1.0195829582e-01  -1.0373501007e-01   2.0238336054e+01  -1.0134487834e-02  -1.0134487834e-02
  -9.8404867313e-02  -1.0018158157e-01   2.0229845070e+01  -3.2915119660e-02  -3.2915119660e-02
  -9.4851438806e-02  -9.6628153059e-02   2.0217533145e+01  -5.5130749117e-02  -5.5130749117e-02
  -9.1298010300e-02  -9.3074724553e-02   2.0201474648e+01  -7.6751690462e-02  -7.6751690462e-02
  -8.7744581794e-02  -8.9521296047e-02   2.0181758389e+01  -9.7755219451e-02  -9.7755219451e-02
  -8.4191153287e-02  -8.5967867540e-02   2.0158491461e+01  -1.1811538255e-01  -1.1811538255e-01
  -8.0637724781e-02  -8.2414439034e-02   2.0131814220e+01  -1.3779546660e-01  -1.3779546660e-01
  -7.7084296274e-02  -7.8861010528e-02   2.0101916671e+01  -1.5674681267e-01  -1.5674681267e-01
  -7.3530867768e-02  -7.5307582021e-02   2.0069032485e+01  -1.7491786419e-01  -1.7491786419e-01
  -6.9977439262e-02  -7.1754153515e-02   2.0033373034e+01  -1.9227639090e-01  -1.9227639090e-01
  -6.6424010755e-02  -6.8200725008e-02   1.9995072142e+01  -2.0882694950e-01  -2.0882694950e-01
  -6.2092238670e-02  -6.4647296502e-02   1.9945618956e+01  -2.2798079079e-01  -2.2798079079e-01
  -5.6982123007e-02  -5.9537180839e-02   1.9885027560e+01  -2.4846438255e-01  -2.4846438255e-01
  -5.1872007344e-02  -5.4427065175e-02   1.9820974518e+01  -2.6740485117e-01  -2.6740485117e-01
  -4.6761891680e-02  -4.9316949512e-02   1.9754456406e+01  -2.8474362185e-01  -2.8474362185e-01
  -4.1651776017e-02  -4.4206833849e-02   1.9686655954e+01  -3.0037259725e-01  -3.0037259725e-01
  -3.6541660354e-02  -3.9096718185e-02   1.9618511831e+01  -3.1427385445e-01  -3.1427385445e-01
  -3.1431544690e-02  -3.3986602522e-02   1.9550909137e+01  -3.2646010101e-01  -3.2646010101e-01
  -2.6321429027e-02  -2.8876486859e-02   1.9484826777e+01  -3.3694684340e-01  -3.3694684340e-01
  -2.2238686377e-02  -2.3766371195e-02   1.9433226277e+01  -3.4405717236e-01  -3.4405717236e-01
  -1.9183316741e-02  -2.0711001559e-02   1.9394113550e+01  -3.4892002214e-01  -3.4892002214e-01
  -1.6127947106e-02  -1.7655631924e-02   1.9355315680e+01  -3.5324584368e-01  -3.5324584368e-01
  -1.3072577470e-02  -1.4600262288e-02   1.9317950164e+01  -3.5692981208e-01  -3.5692981208e-01
  -1.0017207834e-02  -1.1544892652e-02   1.9282379901e+01  -3.5995195273e-01  -3.5995195273e-01
  -6.9618381982e-03  -8.4895230162e-03   1.9248549939e+01  -3.6233907654e-01  -3.6233907654e-01
  -3.9064685624e-03  -5.4341533803e-03   1.9216429402e+01  -3.6411443475e-01  -3.6411443475e-01
  -8.5109892663e-04  -2.3787837445e-03   1.9186083593e+01  -3.6528817481e-01  -3.6528817481e-01
   2.2042707092e-03   6.7658589127e-04   1.9157618125e+01  -3.6586263544e-01  -3.6586263544e-01
   5.2596403450e-03   3.7319555271e-03   1.9131140934e+01  -3.6583616559e-01  -3.6583616559e-01
   8.3150099808e-03   6.7873251629e-03   1.9106749664e+01  -3.6520478064e-01  -3.6520478064e-01
   1.1370379617e-02   9.8426947987e-03   1.9084532407e+01  -3.6396355539e-01  -3.6396355539e-01
   1.4425749252e-02   1.2898064435e-02   1.9064575892e+01  -3.6210855178e-01  -3.6210855178e-01
   1.7481118888e-02   1.5953434070e-02   1.9046974644e+01  -3.5963833850e-01  -3.5963833850e-01
   2.0536488524e-02   1.9008803706e-02   1.9031832288e+01  -3.5655357059e-01  -3.5655357059e-01
   2.3591858160e-02   2.2064173342e-02   1.9019249521e+01  -3.5285818017e-01  -3.5285818017e-01
   2.6910011462e-02   2.5119542978e-02   1.9008448688e+01  -3.4820020619e-01  -3.4820020619e-01
   3.0490948431e-02   2.8700479947e-02   1.9000474889e+01  -3.4240719400e-01  -3.4240719400e-01
   3.4071885400e-02   3.2281416916e-02   1.8996170719e+01  -3.3587275653e-01  -3.3587275653e-01
   3.7652822369e-02   3.5862353884e-02   1.8995466543e+01  -3.2856000574e-01  -3.2856000574e-01
   4.1233759338e-02   3.9443290853e-02   1.8998320052e+01  -3.2045704949e-01  -3.2045704949e-01
   4.4814696307e-02   4.3024227822e-02   1.9004703554e+01  -3.1157350826e-01  -3.1157350826e-01
   4.8395633276e-02   4.6605164791e-02   1.9014578811e+01  -3.0191643254e-01  -3.0191643254e-01
   5.1976570244e-02   5.0186101760e-02   1.9027896861e+01  -2.9148407425e-01  -2.9148407425e-01
   5.5557507213e-02   5.3767038729e-02   1.9044606420e+01  -2.8026514920e-01  -2.8026514920e-01
   5.9138444182e-02   5.7347975698e-02   1.9064656664e+01  -2.6824027794e-01  -2.6824027794e-01
   6.2719381151e-02   6.0928912667e-02   1.9087984551e+01  -2.5538942191e-01  -2.5538942191e-01
   6.6300318120e-02   6.4509849636e-02   1.9114485145e+01  -2.4170577803e-01  -2.4170577803e-01
   6.9881255089e-02   6.8090786604e-02   1.9143983132e+01  -2.2720764638e-01  -2.2720764638e-01
   7.3462192058e-02   7.1671723573e-02   1.9176260860e+01  -2.1192474817e-01  -2.1192474817e-01
   7.7043129027e-02   7.5252660542e-02   1.9211215361e+01  -1.9582938830e-01  -1.9582938830e-01
   8.0624065996e-02   7.8833597511e-02   1.9248897876e+01  -1.7882116188e-01  -1.7882116188e-01
   8.5068977631e-02   8.2414534480e-02   1.9298182869e+01  -1.5685773405e-01  -1.5685773405e-01
   9.0377863932e-02   8.7723420781e-02   1.9355541859e+01  -1.3148546620e-01  -1.3148546620e-01
   9.5686750233e-02   9.3032307082e-02   1.9416893741e+01  -1.0429382151e-01  -1.0429382151e-01
   1.0099563653e-01   9.8341193383e-02   1.9481059871e+01  -7.5558603362e-02  -7.5558603362e-02
   1.0630452283e-01   1.0365007968e-01   1.9546618578e+01  -4.5672343114e-02  -4.5672343114e-02
   1.1161340914e-01   1.0895896599e-01   1.9612756497e+01  -1.4771912120e-02  -1.4771912120e-02
   1.1692229544e-01   1.1426785229e-01   1.9678747320e+01   1.7020260516e-02   1.7020260516e-02
   1.2223118174e-01   1.1957673859e-01   1.9743402991e+01   4.9289777154e-02   4.9289777154e-02
   1.2631429043e-01   1.2488562489e-01   1.9792780726e+01   7.4991121943e-02   7.4991121943e-02
   1.2917162152e-01   1.2774295598e-01   1.9829066895e+01   9.4394101628e-02   9.4394101628e-02
   1.3202895261e-01   1.3060028707e-01   1.9865893206e+01   1.1462018962e-01   1.1462018962e-01
   1.3488628370e-01   1.3345761816e-01   1.9901742372e+01   1.3488345546e-01   1.3488345546e-01
   1.3774361479e-01   1.3631494925e-01   1.9936291488e+01   1.5502989219e-01   1.5502989219e-01
   1.4060094589e-01   1.3917228034e-01   1.9969786323e+01   1.7520663051e-01   1.7520663051e-01
   1.4345827698e-01   1.4202961143e-01   2.0002384428e+01   1.9551001626e-01   1.9551001626e-01
   1.4631560807e-01   1.4488694252e-01   2.0034089963e+01   2.1595031674e-01   2.1595031674e-01
   1.4917293916e-01   1.4774427361e-01   2.0064850520e+01   2.3650352575e-01   2.3650352575e-01
   1.5203027025e-01   1.5060160470e-01   2.0094605941e+01   2.5713707757e-01   2.5713707757e-01
   1.5488760134e-01   1.5345893579e-01   2.0123298693e+01   2.7781427009e-01   2.7781427009e-01
   1.5774493243e-01   1.5631626688e-01   2.0150873345e+01   2.9849274675e-01   2.9849274675e-01
   1.6060226352e-01   1.5917359797e-01   2.0177275812e+01   3.1912429608e-01   3.1912429608e-01
   1.6345959461e-01   1.6203092906e-01   2.0202456476e+01   3.3965952141e-01   3.3965952141e-01
   1.6631692570e-01   1.6488826015e-01   2.0226378436e+01   3.6005616569e-01   3.6005616569e-01
   1.6917425679e-01   1.6774559124e-01   2.0249031439e+01   3.8028596754e-01   3.8028596754e-01
   1.7254074206e-01   1.7060292233e-01   2.0274258707e+01   4.0390802877e-01   4.0390802877e-01
   1.7641638150e-01   1.7447856178e-01   2.0301113278e+01   4.3075035519e-01   4.3075035519e-01
   1.8029202095e-01   1.7835420122e-01   2.0325727239e+01   4.5714703594e-01   4.5714703594e-01
   1.8416766039e-01   1.8222984067e-01   2.0348023307e+01   4.8292902699e-01   4.8292902699e-01
   1.8804329984e-01   1.8610548012e-01   2.0367990065e+01   5.0795129770e-01   5.0795129770e-01
   1.9191893928e-01   1.8998111956e-01   2.0385680639e+01   5.3212360031e-01   5.3212360031e-01
   1.9579457873e-01   1.9385675901e-01   2.0401192615e+01   5.5539797151e-01   5.5539797151e-01
   1.9967021817e-01   1.9773239845e-01   2.0414643818e+01   5.7774726314e-01   5.7774726314e-01
   2.0354585762e-01   2.0160803790e-01   2.0426150343e+01   5.9914555291e-01   5.9914555291e-01
   2.0742149706e-01   2.0548367734e-01   2.0435816281e+01   6.1956155874e-01   6.1956155874e-01
   2.1129713651e-01   2.0935931679e-01   2.0443730245e+01   6.3895269921e-01   6.3895269921e-01
   2.1517277595e-01   2.1323495623e-01   2.0449959601e+01   6.5723763352e-01   6.5723763352e-01
   2.1904841540e-01   2.1711059568e-01   2.0454564985e+01   6.7431594200e-01   6.7431594200e-01
   2.2292405485e-01   2.2098623512e-01   2.0457622072e+01   6.9014310884e-01   6.9014310884e-01
   2.2679969429e-01   2.2486187457e-01   2.0459200934e+01   7.0468760328e-01   7.0468760328e-01
   2.3067533374e-01   2.2873751401e-01   2.0459358910e+01   7.1791261025e-01   7.1791261025e-01
   2.3456322814e-01   2.3261315346e-01   2.0458139125e+01   7.2982328984e-01   7.2982328984e-01
   2.3846337750e-01   2.3651330282e-01   2.0455558494e+01   7.4039459246e-01   7.4039459246e-01
   2.4236352686e-01   2.4041345218e-01   2.0451634736e+01   7.4959647461e-01   7.4959647461e-01
   2.4626367622e-01   2.4431360154e-01   2.0446369386e+01   7.5739621796e-01   7.5739621796e-01
   2.5016382557e-01   2.4821375090e-01   2.0439747419e+01   7.6376355804e-01   7.6376355804e-01
   2.5406397493e-01   2.5211390025e-01   2.0431745582e+01   7.6867924220e-01   7.6867924220e-01
   2.5796412429e-01   2.5601404961e-01   2.0422361471e+01   7.7212271511e-01   7.7212271511e-01
   2.6186427365e-01   2.5991419897e-01   2.0411567696e+01   7.7410366552e-01   7.7410366552e-01
   2.6576442301e-01   2.6381434833e-01   2.0399317291e+01   7.7464942780e-01   7.7464942780e-01
   2.6966457237e-01   2.6771449769e-01   2.0385568349e+01   7.7379349876e-01   7.7379349876e-01
   2.7356472173e-01   2.7161464705e-01   2.0370281101e+01   7.7157736245e-01   7.7157736245e-01
   2.7746487109e-01   2.7551479641e-01   2.0353404889e+01   7.6805104926e-01   7.6805104926e-01
   2.8136502045e-01   2.7941494577e-01   2.0334874650e+01   7.6326999492e-01   7.6326999492e-01
   2.8526516981e-01   2.8331509513e-01   2.0314615445e+01   7.5729229262e-01   7.5729229262e-01
   2.8916531917e-01   2.8721524449e-01   2.0292568057e+01   7.5018602383e-01   7.5018602383e-01
   2.9306546852e-01   2.9111539385e-01   2.0268723381e+01   7.4204082244e-01   7.4204082244e-01
   2.9647379626e-01   2.9501554320e-01   2.0246207909e+01   7.3405528614e-01   7.3405528614e-01
   2.9939030236e-01   2.9793204931e-01   2.0225682402e+01   7.2664169554e-01   7.2664169554e-01
   3.0230680846e-01   3.0084855541e-01   2.0203889252e+01   7.1868372648e-01   7.1868372648e-01
   3.0522331457e-01   3.0376506152e-01   2.0180891533e+01   7.1024458600e-01   7.1024458600e-01
   3.0813982067e-01   3.0668156762e-01   2.0156666311e+01   7.0135543277e-01   7.0135543277e-01
   3.1105632678e-01   3.0959807372e-01   2.0131125394e+01   6.9202338229e-01   6.9202338229e-01
   3.1397283288e-01   3.1251457983e-01   2.0104226058e+01   6.8227199267e-01   6.8227199267e-01
   3.1688933898e-01   3.1543108593e-01   2.0076004784e+01   6.7215269357e-01   6.7215269357e-01
   3.1980584509e-01   3.1834759204e-01   2.0046501129e+01   6.6171615582e-01   6.6171615582e-01
   3.2272235119e-01   3.2126409814e-01   2.0015713486e+01   6.5099576194e-01   6.5099576194e-01
   3.2563885730e-01   3.2418060424e-01   1.9983623331e+01   6.4001599804e-01   6.4001599804e-01
   3.2855536340e-01   3.2709711035e-01   1.9950223502e+01   6.2880226347e-01   6.2880226347e-01
   3.3147186950e-01   3.3001361645e-01   1.9915513571e+01   6.1738007284e-01   6.1738007284e-01
   3.3438837561e-01   3.3293012256e-01   1.9879446079e+01   6.0575988510e-01   6.0575988510e-01
   3.3730488171e-01   3.3584662866e-01   1.9841868992e+01   5.9392080419e-01   5.9392080419e-01
   3.4022138782e-01   3.3876313476e-01   1.9802675626e+01   5.8185362697e-01   5.8185362697e-01
   3.4385863990e-01   3.4167964087e-01   1.9752204578e+01   5.6666565444e-01   5.6666565444e-01
   3.4821663797e-01   3.4603763894e-01   1.9690721190e+01   5.4878988203e-01   5.4878988203e-01
   3.5257463604e-01   3.5039563701e-01   1.9625635158e+01   5.3051104986e-01   5.3051104986e-01
   3.5693263411e-01   3.5475363507e-01   1.9556963459e+01   5.1187035022e-01   5.1187035022e-01
   3.6129063218e-01   3.5911163314e-01   1.9485479914e+01   4.9311706273e-01   4.9311706273e-01
   3.6564863025e-01   3.6346963121e-01   1.9411617388e+01   4.7438811663e-01   4.7438811663e-01
   3.7000662832e-01   3.6782762928e-01   1.9335594457e+01   4.5575088194e-01   4.5575088194e-01
   3.7436462638e-01   3.7218562735e-01   1.9257513342e+01   4.3723631986e-01   4.3723631986e-01
   3.7843029322e-01   3.7654362542e-01   1.9182456268e+01   4.2001641888e-01   4.2001641888e-01
   3.8220362883e-01   3.8031696103e-01   1.9110398240e+01   4.0394540481e-01   4.0394540481e-01
   3.8597696445e-01   3.8409029664e-01   1.9036985052e+01   3.8802206833e-01   3.8802206833e-01
   3.8975030006e-01   3.8786363225e-01   1.8962800169e+01   3.7237427003e-01   3.7237427003e-01
   3.9352363567e-01   3.9163696786e-01   1.8887963741e+01   3.5702234062e-01   3.5702234062e-01
   3.9729697128e-01   3.9541030347e-01   1.8812563823e+01   3.4197808940e-01   3.4197808940e-01
   4.0107030689e-01   3.9918363908e-01   1.8736721526e+01   3.2726100025e-01   3.2726100025e-01
   4.0484364250e-01   4.0295697470e-01   1.8660561593e+01   3.1289280136e-01   3.1289280136e-01
   4.0859239461e-01   4.0673031031e-01   1.8584691913e+01   2.9898556881e-01   2.9898556881e-01
   4.1231656322e-01   4.1045447891e-01   1.8509226677e+01   2.8555231655e-01   2.8555231655e-01
   4.1604073182e-01   4.1417864752e-01   1.8433831272e+01   2.7253561862e-01   2.7253561862e-01
   4.1976490043e-01   4.1790281613e-01   1.8358637256e+01   2.5996540335e-01   2.5996540335e-01
   4.2348906904e-01   4.2162698474e-01   1.8283742796e+01   2.4786766117e-01   2.4786766117e-01
   4.2721323765e-01   4.2535115334e-01   1.8209235429e+01   2.3626846390e-01   2.3626846390e-01
   4.3093740625e-01   4.2907532195e-01   1.8135200732e+01   2.2519561370e-01   2.2519561370e-01
   4.3466157486e-01   4.3279949056e-01   1.8061731608e+01   2.1467989016e-01   2.1467989016e-01
   4.3849548692e-01   4.3652365917e-01   1.7986881766e+01   2.0447440628e-01   2.0447440628e-01
   4.4243914241e-01   4.4046731466e-01   1.7911074325e+01   1.9471745107e-01   1.9471745107e-01
   4.4638279791e-01   4.4441097016e-01   1.7836115794e+01   1.8568111712e-01   1.8568111712e-01
   4.5032645341e-01   4.4835462566e-01   1.7761877065e+01   1.7737598319e-01   1.7737598319e-01
   4.5427010891e-01   4.5229828116e-01   1.7688382270e+01   1.6983486593e-01   1.6983486593e-01
   4.5821376441e-01   4.5624193666e-01   1.7615645152e+01   1.6308953938e-01   1.6308953938e-01
   4.6215741991e-01   4.6018559216e-01   1.7543663224e+01   1.5716850268e-01   1.5716850268e-01
   4.6610107541e-01   4.6412924766e-01   1.7472440269e+01   1.5209858188e-01   1.5209858188e-01
   4.7017312847e-01   4.6807290316e-01   1.7399792505e+01   1.4777117764e-01   1.4777117764e-01
   4.7437357911e-01   4.7227335379e-01   1.7326121188e+01   1.4433588465e-01   1.4433588465e-01
   4.7857402974e-01   4.7647380442e-01   1.7253182888e+01   1.4191574810e-01   1.4191574810e-01
   4.8277448037e-01   4.8067425505e-01   1.7180776456e+01   1.4051327922e-01   1.4051327922e-01
   4.8697493100e-01   4.8487470568e-01   1.7108873075e+01   1.4013562716e-01   1.4013562716e-01
   4.9117538163e-01   4.8907515632e-01   1.7037432448e+01   1.4078259220e-01   1.4078259220e-01
   4.9537583226e-01   4.9327560695e-01   1.6966401787e+01   1.4244464553e-01   1.4244464553e-01
   4.9957628289e-01   4.9747605758e-01   1.6895738156e+01   1.4510286622e-01   1.4510286622e-01
   5.0384532029e-01   5.0167650821e-01   1.6824312361e+01   1.4878432907e-01   1.4878432907e-01
   5.0818294446e-01   5.0601413237e-01   1.6752283887e+01   1.5349860225e-01   1.5349860225e-01
   5.1252056862e-01   5.1035175654e-01   1.6680520836e+01   1.5914874861e-01   1.5914874861e-01
   5.1685819279e-01   5.1468938071e-01   1.6608957573e+01   1.6567683303e-01   1.6567683303e-01
   5.2119581695e-01   5.1902700487e-01   1.6537626352e+01   1.7301037551e-01   1.7301037551e-01
   5.2553344112e-01   5.2336462904e-01   1.6466569379e+01   1.8106663449e-01   1.8106663449e-01
   5.2987106529e-01   5.2770225320e-01   1.6395853392e+01   1.8975061282e-01   1.8975061282e-01
   5.3420868945e-01   5.3203987737e-01   1.6325582188e+01   1.9895456488e-01   1.9895456488e-01
   5.3869839516e-01   5.3637750153e-01   1.6253543098e+01   2.0888190532e-01   2.0888190532e-01
   5.4334018240e-01   5.4101928878e-01   1.6180457484e+01   2.1937037702e-01   2.1937037702e-01
   5.4798196964e-01   5.4566107602e-01   1.6108308127e+01   2.3001149477e-01   2.3001149477e-01
   5.5262375688e-01   5.5030286326e-01   1.6037242743e+01   2.4064384639e-01   2.4064384639e-01
   5.5726554412e-01   5.5494465050e-01   1.5967585475e+01   2.5107674243e-01   2.5107674243e-01
   5.6190733136e-01   5.5958643774e-01   1.5899612223e+01   2.6112287143e-01   2.6112287143e-01
   5.6654911860e-01   5.6422822498e-01   1.5833595391e+01   2.7059592450e-01   2.7059592450e-01
   5.7119090584e-01   5.6887001222e-01   1.5769887751e+01   2.7930504513e-01   2.7930504513e-01
   5.7496225081e-01   5.7351179946e-01   1.5719469324e+01   2.8570457786e-01   2.8570457786e-01
   5.7786315351e-01   5.7641270216e-01   1.5680659129e+01   2.9032687800e-01   2.9032687800e-01
   5.8076405621e-01   5.7931360486e-01   1.5642377676e+01   2.9453752981e-01   2.9453752981e-01
   5.8366495891e-01   5.8221450756e-01   1.5605312257e+01   2.9821274968e-01   2.9821274968e-01
   5.8656586161e-01   5.8511541026e-01   1.5569642283e+01   3.0129392174e-01   3.0129392174e-01
   5.8946676431e-01   5.8801631296e-01   1.5535323233e+01   3.0375171185e-01   3.0375171185e-01
   5.9236766701e-01   5.9091721566e-01   1.5502350849e+01   3.0555325026e-01   3.0555325026e-01
   5.9526856971e-01   5.9381811836e-01   1.5470776947e+01   3.0665993522e-01   3.0665993522e-01
   5.9816947241e-01   5.9671902106e-01   1.5440667638e+01   3.0703227324e-01   3.0703227324e-01
   6.0107037511e-01   5.9961992376e-01   1.5412083263e+01   3.0663238470e-01   3.0663238470e-01
   6.0397127781e-01   6.0252082646e-01   1.5385074773e+01   3.0542547568e-01   3.0542547568e-01
   6.0687218051e-01   6.0542172916e-01   1.5359687579e+01   3.0338157519e-01   3.0338157519e-01
   6.0977308321e-01   6.0832263186e-01   1.5335966690e+01   3.0047601888e-01   3.0047601888e-01
   6.1267398591e-01   6.1122353456e-01   1.5313953402e+01   2.9668492972e-01   2.9668492972e-01
   6.1557488860e-01   6.1412443725e-01   1.5293677083e+01   2.9198055707e-01   2.9198055707e-01
   6.1847579130e-01   6.1702533995e-01   1.5275182670e+01   2.8635374511e-01   2.8635374511e-01
   6.2192616084e-01   6.1992624265e-01   1.5255449885e+01   2.7863427947e-01   2.7863427947e-01
   6.2592599721e-01   6.2392607903e-01   1.5236479442e+01   2.6825697314e-01   2.6825697314e-01
   6.2992583358e-01   6.2792591540e-01   1.5220780159e+01   2.5620224997e-01   2.5620224997e-01
   6.3392566996e-01   6.3192575177e-01   1.5208152938e+01   2.4239916180e-01   2.4239916180e-01
   6.3792550633e-01   6.3592558814e-01   1.5198623035e+01   2.2689989238e-01   2.2689989238e-01
   6.4192534270e-01   6.3992542451e-01   1.5192157814e+01   2.0975823571e-01   2.0975823571e-01
   6.4592517907e-01   6.4392526089e-01   1.5188657715e+01   1.9102791291e-01   1.9102791291e-01
   6.4992501544e-01   6.4792509726e-01   1.5187981779e+01   1.7077404049e-01   1.7077404049e-01
   6.5392485182e-01   6.5192493363e-01   1.5189957875e+01   1.4907571234e-01   1.4907571234e-01
   6.5792468819e-01   6.5592477000e-01   1.5194386357e+01   1.2602539197e-01   1.2602539197e-01
   6.6192452456e-01   6.5992460637e-01   1.5201041887e+01   1.0172783199e-01   1.0172783199e-01
   6.6592436093e-01   6.6392444274e-01   1.5209674820e+01   7.6299009289e-02   7.6299009289e-02
   6.6992419730e-01   6.6792427912e-01   1.5220012604e+01   4.9865178902e-02   4.9865178902e-02
   6.7392403367e-01   6.7192411549e-01   1.5231761080e+01   2.2562508165e-02   2.2562508165e-02
   6.7792387005e-01   6.7592395186e-01   1.5244605208e+01  -5.4617380889e-03  -5.4617380889e-03
   6.8192370642e-01   6.7992378823e-01   1.5258211025e+01  -3.4050146433e-02  -3.4050146433e-02
   6.8590288982e-01   6.8392362460e-01   1.5272165780e+01  -6.2907517850e-02  -6.2907517850e-02
   6.8986142026e-01   6.8788215504e-01   1.5286132081e+01  -9.1910481116e-02  -9.1910481116e-02
   6.9381995069e-01   6.9184068547e-01   1.5299806537e+01  -1.2101383115e-01  -1.2101383115e-01
   6.9777848112e-01   6.9579921591e-01   1.5312817267e+01  -1.5004499977e-01  -1.5004499977e-01
   7.0173701156e-01   6.9975774634e-01   1.5324793893e+01  -1.7884494707e-01  -1.7884494707e-01
   7.0569554199e-01   7.0371627678e-01   1.5335361438e+01  -2.0725206242e-01  -2.0725206242e-01
   7.0965407243e-01   7.0767480721e-01   1.5344143319e+01  -2.3510443879e-01  -2.3510443879e-01
   7.1361260286e-01   7.1163333764e-01   1.5350764913e+01  -2.6224315413e-01  -2.6224315413e-01
   7.1757113330e-01   7.1559186808e-01   1.5354856495e+01  -2.8851406254e-01  -2.8851406254e-01
   7.2152966373e-01   7.1955039851e-01   1.5356056349e+01  -3.1376963931e-01  -3.1376963931e-01
   7.2548819416e-01   7.2350892895e-01   1.5354014767e+01  -3.3787125847e-01  -3.3787125847e-01
   7.2944672460e-01   7.2746745938e-01   1.5348399867e+01  -3.6069109114e-01  -3.6069109114e-01
   7.3340525503e-01   7.3142598981e-01   1.5338904427e+01  -3.8211185782e-01  -3.8211185782e-01
   7.3736378547e-01   7.3538452025e-01   1.5325243291e+01  -4.0202471827e-01  -4.0202471827e-01
   7.4132231590e-01   7.3934305068e-01   1.5307119685e+01  -4.2033314516e-01  -4.2033314516e-01
   7.4528084633e-01   7.4330158112e-01   1.5284196480e+01  -4.3696139411e-01  -4.3696139411e-01
   7.4969155574e-01   7.4726011155e-01   1.5253104896e+01  -4.5350480024e-01  -4.5350480024e-01
   7.5455444410e-01   7.5212299992e-01   1.5211721209e+01  -4.6875738559e-01  -4.6875738559e-01
   7.5941733247e-01   7.5698588829e-01   1.5162338925e+01  -4.8131207174e-01  -4.8131207174e-01
   7.6428022084e-01   7.6184877665e-01   1.5104735746e+01  -4.9119607591e-01  -4.9119607591e-01
   7.6914310920e-01   7.6671166502e-01   1.5038856047e+01  -4.9843121297e-01  -4.9843121297e-01
   7.7400599757e-01   7.7157455339e-01   1.4964637428e+01  -5.0308094017e-01  -5.0308094017e-01
   7.7886888594e-01   7.7643744176e-01   1.4881767508e+01  -5.0522934476e-01  -5.0522934476e-01
   7.8373177431e-01   7.8130033012e-01   1.4789327595e+01  -5.0497130142e-01  -5.0497130142e-01
   7.8763758989e-01   7.8616321849e-01   1.4705896240e+01  -5.0289070893e-01  -5.0289070893e-01
   7.9058633269e-01   7.8911196129e-01   1.4638133870e+01  -5.0047315735e-01  -5.0047315735e-01
   7.9353507549e-01   7.9206070409e-01   1.4566186232e+01  -4.9725931984e-01  -4.9725931984e-01
   7.9648381829e-01   7.9500944689e-01   1.4490741129e+01  -4.9331581809e-01  -4.9331581809e-01
   7.9943256109e-01   7.9795818969e-01   1.4412058885e+01  -4.8870563130e-01  -4.8870563130e-01
   8.0238130389e-01   8.0090693249e-01   1.4330243248e+01  -4.8349344108e-01  -4.8349344108e-01
   8.0533004669e-01   8.0385567529e-01   1.4245445132e+01  -4.7774894702e-01  -4.7774894702e-01
   8.0827878948e-01   8.0680441808e-01   1.4157889814e+01  -4.7154676064e-01  -4.7154676064e-01
   8.1214983101e-01   8.0975316088e-01   1.4039825522e+01  -4.6291691899e-01  -4.6291691899e-01
   8.1694317125e-01   8.1454650113e-01   1.3888776589e+01  -4.5155754047e-01  -4.5155754047e-01
   8.2173651149e-01   8.1933984137e-01   1.3729813325e+01  -4.3952955511e-01  -4.3952955511e-01
   8.2652985173e-01   8.2413318161e-01   1.3561879601e+01  -4.2697841723e-01  -4.2697841723e-01
   8.3093689403e-01   8.2892652186e-01   1.3398755758e+01  -4.1512489399e-01  -4.1512489399e-01
   8.3495763838e-01   8.3294726621e-01   1.3242916034e+01  -4.0418565596e-01  -4.0418565596e-01
   8.3897838273e-01   8.3696801056e-01   1.3080674236e+01  -3.9328819876e-01  -3.9328819876e-01
   8.4299912708e-01   8.4098875491e-01   1.2912104395e+01  -3.8255224359e-01  -3.8255224359e-01
   8.4676586289e-01   8.4500949926e-01   1.2747981146e+01  -3.7272617069e-01  -3.7272617069e-01
   8.5027859015e-01   8.4852222652e-01   1.2589650518e+01  -3.6380582647e-01  -3.6380582647e-01
   8.5379131741e-01   8.5203495378e-01   1.2426257625e+01  -3.5519693679e-01  -3.5519693679e-01
   8.5730404467e-01   8.5554768104e-01   1.2257871799e+01  -3.4695138389e-01  -3.4695138389e-01
   8.6063447516e-01   8.5906040830e-01   1.2093324083e+01  -3.3950702486e-01  -3.3950702486e-01
   8.6378260888e-01   8.6220854202e-01   1.1933486332e+01  -3.3280259835e-01  -3.3280259835e-01
   8.6693074260e-01   8.6535667574e-01   1.1769380109e+01  -3.2644731027e-01  -3.2644731027e-01
   8.7007887632e-01   8.6850480946e-01   1.1601019386e+01  -3.2045052069e-01  -3.2045052069e-01
   8.7309172943e-01   8.7165294318e-01   1.1435777577e+01  -3.1505397284e-01  -3.1505397284e-01
   8.7596930193e-01   8.7453051568e-01   1.1274404798e+01  -3.1019500463e-01  -3.1019500463e-01
   8.7884687442e-01   8.7740808817e-01   1.1109644568e+01  -3.0562699778e-01  -3.0562699778e-01
   8.8172444692e-01   8.8028566067e-01   1.0941678507e+01  -3.0134166975e-01  -3.0134166975e-01
   8.8584994063e-01   8.8316323317e-01   1.0696562724e+01  -2.9558424555e-01  -2.9558424555e-01
   8.9122335557e-01   8.8853664810e-01   1.0367766942e+01  -2.8893321025e-01  -2.8893321025e-01
   8.9638854367e-01   8.9391006303e-01   1.0037621788e+01  -2.8308188336e-01  -2.8308188336e-01
   9.0134550494e-01   8.9886702431e-01   9.7070477285e+00  -2.7775899840e-01  -2.7775899840e-01
   9.0611268847e-01   9.0382398558e-01   9.3755875563e+00  -2.7274494026e-01  -2.7274494026e-01
   9.1069009424e-01   9.0840139135e-01   9.0444936657e+00  -2.6785240304e-01  -2.6785240304e-01
   9.1510610641e-01   9.1297879712e-01   8.7125485211e+00  -2.6290093067e-01  -2.6290093067e-01
   9.1936072498e-01   9.1723341569e-01   8.3810480969e+00  -2.5778135058e-01  -2.5778135058e-01
   9.2347901653e-01   9.2148803427e-01   8.0487981114e+00  -2.5236255208e-01  -2.5236255208e-01
   9.2746098107e-01   9.2546999880e-01   7.7169948161e+00  -2.4659461651e-01  -2.4659461651e-01
   9.3132788228e-01   9.2945196333e-01   7.3845358556e+00  -2.4038703785e-01  -2.4038703785e-01
   9.3507972016e-01   9.3320380122e-01   7.0525004222e+00  -2.3373198240e-01  -2.3373198240e-01
   9.3873434785e-01   9.3695563911e-01   6.7198989462e+00  -2.2657015751e-01  -2.2657015751e-01
   9.4229176535e-01   9.4051305660e-01   6.3876851769e+00  -2.1892168695e-01  -2.1892168695e-01
   9.4576693373e-01   9.4407047410e-01   6.0549862891e+00  -2.1075062299e-01  -2.1075062299e-01
   9.4915985300e-01   9.4746339337e-01   5.7226351830e+00  -2.0209454592e-01  -2.0209454592e-01
   9.5248312070e-01   9.5085631264e-01   5.3898687558e+00  -1.9293472834e-01  -1.9293472834e-01
   9.5573673682e-01   9.5410992876e-01   5.0574108041e+00  -1.8331881586e-01  -1.8331881586e-01
   9.5893138467e-01   9.5736354489e-01   4.7245971493e+00  -1.7324071684e-01  -1.7324071684e-01
   9.6206706423e-01   9.6049922445e-01   4.3920565529e+00  -1.6275315658e-01  -1.6275315658e-01
   9.6515292525e-01   9.6363490401e-01   4.0592112262e+00  -1.5185928516e-01  -1.5185928516e-01
   9.6818896774e-01   9.6667094650e-01   3.7266104944e+00  -1.4061372791e-01  -1.4061372791e-01
   9.7118319020e-01   9.6970698899e-01   3.3937433038e+00  -1.2902610950e-01  -1.2902610950e-01
   9.7413559261e-01   9.7265939140e-01   3.0610889305e+00  -1.1715077493e-01  -1.1715077493e-01
   9.7705343764e-01   9.7561179382e-01   2.7281635437e+00  -1.0500086190e-01  -1.0500086190e-01
   9.7993672528e-01   9.7849508146e-01   2.3953991406e+00  -9.2629599183e-02  -9.2629599183e-02
   9.8246316712e-01   9.8137836910e-01   2.1007613950e+00  -8.1503425740e-02  -8.1503425740e-02
   9.8464777341e-01   9.8354796515e-01   1.8441673722e+00  -7.1718202095e-02  -7.1718202095e-02
   9.8687871196e-01   9.8574758167e-01   1.5803901566e+00  -6.1575232858e-02  -6.1575232858e-02
   9.8932412467e-01   9.8800984225e-01   1.2894409712e+00  -5.0311142604e-02  -5.0311142604e-02
   9.9257217549e-01   9.9063840709e-01   9.0042822790e-01  -3.5164550469e-02  -3.5164550469e-02
   9.9725297194e-01   9.9450594388e-01   3.3501792738e-01  -1.3059365601e-02  -1.3059365601e-02