# time = 200
# Grid points = 558
# Pressure (Pa) = 101325
#             1_pos             2_posf             3_uvel             4_vvel             5_wvel
  -9.9850284352e-01  -1.0000000000e+00   2.2648192152e-01  -3.6068563249e-03  -3.6068563249e-03
  -9.9550853055e-01  -9.9700568704e-01   6.7792644672e-01  -1.0795581817e-02  -1.0795581817e-02
  -9.9175582629e-01  -9.9401137407e-01   1.2421108074e+00  -1.9713087044e-02  -1.9713087044e-02
  -9.8724257452e-01  -9.8950027851e-01   1.9187843758e+00  -3.0145363550e-02  -3.0145363550e-02
  -9.8273239925e-01  -9.8498487052e-01   2.5951907235e+00  -4.0158003441e-02  -4.0158003441e-02
  -9.7823797419e-01  -9.8047992797e-01   3.2712293407e+00  -4.9628150016e-02  -4.9628150016e-02
  -9.7376689318e-01  -9.7599602041e-01   3.9468071175e+00  -5.8467944642e-02  -5.8467944642e-02
  -9.6932051020e-01  -9.7153776595e-01   4.6218603362e+00  -6.6621534127e-02  -6.6621534127e-02
  -9.6489350892e-01  -9.6710325445e-01   5.2963579525e+00  -7.4055655888e-02  -7.4055655888e-02
  -9.6047373195e-01  -9.6268376340e-01   5.9703121394e+00  -8.0745549005e-02  -8.0745549005e-02
  -9.5604209660e-01  -9.5826370051e-01   6.6437866586e+00  -8.6656803467e-02  -8.6656803467e-02
  -9.5157227844e-01  -9.5382049269e-01   7.3168971639e+00  -9.1722163231e-02  -9.1722163231e-02
  -9.4702974276e-01  -9.4932406419e-01   7.9898117574e+00  -9.5809750104e-02  -9.5809750104e-02
  -9.4236958517e-01  -9.4473542133e-01   8.6627811190e+00  -9.8675046909e-02  -9.8675046909e-02
  -9.3753271733e-01  -9.4000374900e-01   9.3361919511e+00  -9.9881581025e-02  -9.9881581025e-02
  -9.3244011090e-01  -9.3506168565e-01   1.0010516078e+01  -9.8662640373e-02  -9.8662640373e-02
  -9.2840196533e-01  -9.2981853615e-01   1.0510413571e+01  -9.4970787763e-02  -9.4970787763e-02
  -9.2556882369e-01  -9.2698539451e-01   1.0846520406e+01  -9.1116059252e-02  -9.1116059252e-02
  -9.2257875677e-01  -9.2415225287e-01   1.1184877750e+01  -8.5528345339e-02  -8.5528345339e-02
  -9.1943176457e-01  -9.2100526067e-01   1.1520878035e+01  -7.7628027564e-02  -7.7628027564e-02
  -9.1603552138e-01  -9.1785826847e-01   1.1860941825e+01  -6.6630562891e-02  -6.6630562891e-02
  -9.1239002718e-01  -9.1421277428e-01   1.2197182312e+01  -5.1348260815e-02  -5.1348260815e-02
  -9.0830181210e-01  -9.1056728009e-01   1.2541534200e+01  -2.9831745513e-02  -2.9831745513e-02
  -9.0377087613e-01  -9.0603634412e-01   1.2878164235e+01   7.1591361739e-04   7.1591361739e-04
  -8.9990334286e-01  -9.0150540815e-01   1.3128352254e+01   3.2992442623e-02   3.2992442623e-02
  -8.9669921227e-01  -8.9830127756e-01   1.3314969322e+01   6.3495351155e-02   6.3495351155e-02
  -8.9349508169e-01  -8.9509714698e-01   1.3481954025e+01   9.7776045374e-02   9.7776045374e-02
  -8.9029095110e-01  -8.9189301640e-01   1.3630386920e+01   1.3574274167e-01   1.3574274167e-01
  -8.8715482074e-01  -8.8868888581e-01   1.3758636197e+01   1.7631003157e-01   1.7631003157e-01
  -8.8408669058e-01  -8.8562075566e-01   1.3869341296e+01   2.1892901554e-01   2.1892901554e-01
  -8.8101856043e-01  -8.8255262551e-01   1.3966738445e+01   2.6421156098e-01   2.6421156098e-01
  -8.7795043028e-01  -8.7948449536e-01   1.4052543834e+01   3.1190224563e-01   3.1190224563e-01
  -8.7488230013e-01  -8.7641636520e-01   1.4128579269e+01   3.6174594161e-01   3.6174594161e-01
  -8.7181416998e-01  -8.7334823505e-01   1.4196626806e+01   4.1346059602e-01   4.1346059602e-01
  -8.6874603982e-01  -8.7028010490e-01   1.4258324984e+01   4.6668788710e-01   4.6668788710e-01
  -8.6567790967e-01  -8.6721197475e-01   1.4315073588e+01   5.2090682772e-01   5.2090682772e-01
  -8.6198274582e-01  -8.6414384460e-01   1.4378804483e+01   5.8652686359e-01   5.8652686359e-01
  -8.5766054826e-01  -8.5982164704e-01   1.4448071700e+01   6.6201787960e-01   6.6201787960e-01
  -8.5333835070e-01  -8.5549944948e-01   1.4515390355e+01   7.3558703176e-01   7.3558703176e-01
  -8.4901615314e-01  -8.5117725192e-01   1.4583313260e+01   8.0648453125e-01   8.0648453125e-01
  -8.4469395558e-01  -8.4685505436e-01   1.4653446032e+01   8.7367602321e-01   8.7367602321e-01
  -8.4037175802e-01  -8.4253285680e-01   1.4726694427e+01   9.3617073506e-01   9.3617073506e-01
  -8.3604956047e-01  -8.3821065925e-01   1.4803320569e+01   9.9314958180e-01   9.9314958180e-01
  -8.3172736291e-01  -8.3388846169e-01   1.4882786804e+01   1.0439262041e+00   1.0439262041e+00
  -8.2692462202e-01  -8.2956626413e-01   1.4972265028e+01   1.0926339391e+00   1.0926339391e+00
  -8.2164133782e-01  -8.2428297992e-01   1.5067371358e+01   1.1345375033e+00   1.1345375033e+00
  -8.1635805361e-01  -8.1899969571e-01   1.5156366530e+01   1.1652383670e+00   1.1652383670e+00
  -8.1107476940e-01  -8.1371641150e-01   1.5235602710e+01   1.1850913092e+00   1.1850913092e+00
  -8.0579148519e-01  -8.0843312729e-01   1.5301045729e+01   1.1943257932e+00   1.1943257932e+00
  -8.0050820098e-01  -8.0314984308e-01   1.5349238095e+01   1.1932206278e+00   1.1932206278e+00
  -7.9522491677e-01  -7.9786655888e-01   1.5378030847e+01   1.1821901036e+00   1.1821901036e+00
  -7.8994163256e-01  -7.9258327467e-01   1.5386944112e+01   1.1617020466e+00   1.1617020466e+00
  -7.8585649417e-01  -7.8729999046e-01   1.5378719540e+01   1.1381041970e+00   1.1381041970e+00
  -7.8296950160e-01  -7.8441299789e-01   1.5367139030e+01   1.1179932280e+00   1.1179932280e+00
  -7.8008250903e-01  -7.8152600532e-01   1.5350167788e+01   1.0944459475e+00   1.0944459475e+00
  -7.7719551646e-01  -7.7863901274e-01   1.5328433684e+01   1.0676149319e+00   1.0676149319e+00
  -7.7430852389e-01  -7.7575202017e-01   1.5302635143e+01   1.0375644121e+00   1.0375644121e+00
  -7.7142153132e-01  -7.7286502760e-01   1.5273471285e+01   1.0042398998e+00   1.0042398998e+00
  -7.6853453874e-01  -7.6997803503e-01   1.5241645252e+01   9.6754842858e-01   9.6754842858e-01
  -7.6564754617e-01  -7.6709104246e-01   1.5207862815e+01   9.2741235807e-01   9.2741235807e-01
  -7.6276055360e-01  -7.6420404989e-01   1.5172813095e+01   8.8378266616e-01   8.8378266616e-01
  -7.5987356103e-01  -7.6131705732e-01   1.5137144829e+01   8.3664151867e-01   8.3664151867e-01
  -7.5698656846e-01  -7.5843006474e-01   1.5101444847e+01   7.8600751924e-01   7.8600751924e-01
  -7.5409957589e-01  -7.5554307217e-01   1.5066216783e+01   7.3193776883e-01   7.3193776883e-01
  -7.5121258332e-01  -7.5265607960e-01   1.5031855807e+01   6.7451575051e-01   6.7451575051e-01
  -7.4832559075e-01  -7.4976908703e-01   1.4998621449e+01   6.1383247400e-01   6.1383247400e-01
  -7.4543859817e-01  -7.4688209446e-01   1.4966625994e+01   5.5001069930e-01   5.5001069930e-01
  -7.4255160560e-01  -7.4399510189e-01   1.4935859168e+01   4.8332528148e-01   4.8332528148e-01
  -7.3872165777e-01  -7.4110810932e-01   1.4896543981e+01   3.9179933797e-01   3.9179933797e-01
  -7.3394875469e-01  -7.3633520623e-01   1.4849847138e+01   2.7410248551e-01   2.7410248551e-01
  -7.2917585160e-01  -7.3156230315e-01   1.4802501463e+01   1.5396509818e-01   1.5396509818e-01
  -7.2440294852e-01  -7.2678940006e-01   1.4751111200e+01   3.3529905191e-02   3.3529905191e-02
  -7.1963004543e-01  -7.2201649697e-01   1.4691834521e+01  -8.4874024910e-02  -8.4874024910e-02
  -7.1485714235e-01  -7.1724359389e-01   1.4620592095e+01  -1.9925407286e-01  -1.9925407286e-01
  -7.1008423926e-01  -7.1247069080e-01   1.4533503200e+01  -3.0787721672e-01  -3.0787721672e-01
  -7.0531133618e-01  -7.0769778772e-01   1.4427054810e+01  -4.0936792727e-01  -4.0936792727e-01
  -7.0074185930e-01  -7.0292488463e-01   1.4303245851e+01  -4.9915888710e-01  -4.9915888710e-01
  -6.9637580864e-01  -6.9855883397e-01   1.4163020665e+01  -5.7877273480e-01  -5.7877273480e-01
  -6.9200975798e-01  -6.9419278331e-01   1.4000155586e+01  -6.5192455414e-01  -6.5192455414e-01
  -6.8764370732e-01  -6.8982673265e-01   1.3815045175e+01  -7.1849330963e-01  -7.1849330963e-01
  -6.8389817910e-01  -6.8546068199e-01   1.3638110047e+01  -7.7017678718e-01  -7.7017678718e-01
  -6.8077317333e-01  -6.8233567622e-01   1.3480938771e+01  -8.1019203493e-01  -8.1019203493e-01
  -6.7764816755e-01  -6.7921067044e-01   1.3316187293e+01  -8.4712571390e-01  -8.4712571390e-01
  -6.7452316178e-01  -6.7608566467e-01   1.3146324873e+01  -8.8101135366e-01  -8.8101135366e-01
  -6.7145453536e-01  -6.7296065889e-01   1.2976990388e+01  -9.1141871442e-01  -9.1141871442e-01
  -6.6844228831e-01  -6.6994841184e-01   1.2810638848e+01  -9.3875169067e-01  -9.3875169067e-01
  -6.6543004126e-01  -6.6693616479e-01   1.2646385840e+01  -9.6380859487e-01  -9.6380859487e-01
  -6.6241779421e-01  -6.6392391774e-01   1.2486504152e+01  -9.8684880586e-01  -9.8684880586e-01
  -6.5884470549e-01  -6.6091167069e-01   1.2304943948e+01  -1.0120762605e+00  -1.0120762605e+00
  -6.5471077510e-01  -6.5677774029e-01   1.2114054589e+01  -1.0383333148e+00  -1.0383333148e+00
  -6.5057684470e-01  -6.5264380990e-01   1.1951136972e+01  -1.0618149589e+00  -1.0618149589e+00
  -6.4644291431e-01  -6.4850987950e-01   1.1823072390e+01  -1.0827363807e+00  -1.0827363807e+00
  -6.4264289886e-01  -6.4437594911e-01   1.1741627394e+01  -1.0998938826e+00  -1.0998938826e+00
  -6.3917679836e-01  -6.4090984861e-01   1.1697263963e+01  -1.1141114448e+00  -1.1141114448e+00
  -6.3571069786e-01  -6.3744374811e-01   1.1684205487e+01  -1.1269767294e+00  -1.1269767294e+00
  -6.3224459737e-01  -6.3397764761e-01   1.1703065374e+01  -1.1385181545e+00  -1.1385181545e+00
  -6.2877849687e-01  -6.3051154712e-01   1.1753605188e+01  -1.1487254206e+00  -1.1487254206e+00
  -6.2531239637e-01  -6.2704544662e-01   1.1834763579e+01  -1.1575544153e+00  -1.1575544153e+00
  -6.2184629587e-01  -6.2357934612e-01   1.1944774917e+01  -1.1649275774e+00  -1.1649275774e+00
  -6.1838019537e-01  -6.2011324562e-01   1.2081280360e+01  -1.1707322639e+00  -1.1707322639e+00
  -6.1514464251e-01  -6.1664714512e-01   1.2230561093e+01  -1.1745447793e+00  -1.1745447793e+00
  -6.1213963728e-01  -6.1364213990e-01   1.2383842642e+01  -1.1766607877e+00  -1.1766607877e+00
  -6.0913463205e-01  -6.1063713467e-01   1.2548259892e+01  -1.1772254141e+00  -1.1772254141e+00
  -6.0612962683e-01  -6.0763212944e-01   1.2719819781e+01  -1.1761198911e+00  -1.1761198911e+00
  -6.0186310803e-01  -6.0462712421e-01   1.2968685049e+01  -1.1720111338e+00  -1.1720111338e+00
  -5.9633507567e-01  -5.9909909185e-01   1.3295026573e+01  -1.1599352660e+00  -1.1599352660e+00
  -5.9208633447e-01  -5.9357105949e-01   1.3546200849e+01  -1.1442203938e+00  -1.1442203938e+00
  -5.8911688443e-01  -5.9060160945e-01   1.3718352786e+01  -1.1305197777e+00  -1.1305197777e+00
  -5.8614743439e-01  -5.8763215941e-01   1.3884875621e+01  -1.1139411605e+00  -1.1139411605e+00
  -5.8317798435e-01  -5.8466270937e-01   1.4044081430e+01  -1.0943895568e+00  -1.0943895568e+00
  -5.7977727525e-01  -5.8169325933e-01   1.4216718888e+01  -1.0685365880e+00  -1.0685365880e+00
  -5.7594530710e-01  -5.7786129117e-01   1.4396003121e+01  -1.0342830916e+00  -1.0342830916e+00
  -5.7211333895e-01  -5.7402932302e-01   1.4559496613e+01  -9.9479939997e-01  -9.9479939997e-01
  -5.6828137080e-01  -5.7019735487e-01   1.4707270637e+01  -9.4995633793e-01  -9.4995633793e-01
  -5.6472434680e-01  -5.6636538672e-01   1.4830466003e+01  -9.0331600161e-01  -9.0331600161e-01
  -5.6144226694e-01  -5.6308330687e-01   1.4933401049e+01  -8.5657727728e-01  -8.5657727728e-01
  -5.5816018709e-01  -5.5980122702e-01   1.5026169595e+01  -8.0649914416e-01  -8.0649914416e-01
  -5.5487810724e-01  -5.5651914717e-01   1.5109791505e+01  -7.5350396708e-01  -7.5350396708e-01
  -5.5159602739e-01  -5.5323706731e-01   1.5185571012e+01  -6.9808904163e-01  -6.9808904163e-01
  -5.4831394754e-01  -5.4995498746e-01   1.5254912380e+01  -6.4085528588e-01  -6.4085528588e-01
  -5.4503186768e-01  -5.4667290761e-01   1.5319206290e+01  -5.8252913023e-01  -5.8252913023e-01
  -5.4174978783e-01  -5.4339082776e-01   1.5379806527e+01  -5.2391792372e-01  -5.2391792372e-01
  -5.3828742041e-01  -5.4010874791e-01   1.5441415237e+01  -4.6245460735e-01  -4.6245460735e-01
  -5.3464476542e-01  -5.3646609291e-01   1.5505843319e+01  -3.9852342965e-01  -3.9852342965e-01
  -5.3100211042e-01  -5.3282343792e-01   1.5572154192e+01  -3.3559295758e-01  -3.3559295758e-01
  -5.2735945543e-01  -5.2918078292e-01   1.5642063787e+01  -2.7422066118e-01  -2.7422066118e-01
  -5.2371680043e-01  -5.2553812793e-01   1.5716816239e+01  -2.1510664376e-01  -2.1510664376e-01
  -5.2007414544e-01  -5.2189547294e-01   1.5797246539e+01  -1.5894178110e-01  -1.5894178110e-01
  -5.1643149044e-01  -5.1825281794e-01   1.5883601163e+01  -1.0642453568e-01  -1.0642453568e-01
  -5.1278883545e-01  -5.1461016295e-01   1.5975306327e+01  -5.8321248905e-02  -5.8321248905e-02
  -5.0832572362e-01  -5.1096750795e-01   1.6093311305e+01  -5.3785480804e-03  -5.3785480804e-03
  -5.0304215496e-01  -5.0568393929e-01   1.6243813468e+01   4.8086785430e-02   4.8086785430e-02
  -4.9775858629e-01  -5.0040037062e-01   1.6404381166e+01   9.3288458950e-02   9.3288458950e-02
  -4.9247501762e-01  -4.9511680196e-01   1.6572171569e+01   1.3075057804e-01   1.3075057804e-01
  -4.8728293516e-01  -4.8983323329e-01   1.6740623293e+01   1.6069441321e-01   1.6069441321e-01
  -4.8218233891e-01  -4.8473263704e-01   1.6904654938e+01   1.8427004102e-01   1.8427004102e-01
  -4.7708174265e-01  -4.7963204078e-01   1.7064221080e+01   2.0299972237e-01   2.0299972237e-01
  -4.7198114640e-01  -4.7453144452e-01   1.7219015562e+01   2.1810260350e-01   2.1810260350e-01
  -4.6782252263e-01  -4.6943084827e-01   1.7342852964e+01   2.2849118231e-01   2.2849118231e-01
  -4.6460587134e-01  -4.6621419698e-01   1.7435560896e+01   2.3573637421e-01   2.3573637421e-01
  -4.6138922005e-01  -4.6299754570e-01   1.7524015501e+01   2.4231228724e-01   2.4231228724e-01
  -4.5817256877e-01  -4.5978089441e-01   1.7607734196e+01   2.4837438519e-01   2.4837438519e-01
  -4.5495591748e-01  -4.5656424313e-01   1.7686585911e+01   2.5407831854e-01   2.5407831854e-01
  -4.5173926620e-01  -4.5334759184e-01   1.7760407382e+01   2.5954367223e-01   2.5954367223e-01
  -4.4852261491e-01  -4.5013094056e-01   1.7828777305e+01   2.6483430081e-01   2.6483430081e-01
  -4.4530596363e-01  -4.4691428927e-01   1.7891149825e+01   2.6997397385e-01   2.6997397385e-01
  -4.4229642212e-01  -4.4369763798e-01   1.7943966553e+01   2.7469141554e-01   2.7469141554e-01
  -4.3949399039e-01  -4.4089520625e-01   1.7989419340e+01   2.7909235793e-01   2.7909235793e-01
  -4.3669155866e-01  -4.3809277452e-01   1.8031877884e+01   2.8356742527e-01   2.8356742527e-01
  -4.3388912693e-01  -4.3529034280e-01   1.8071789813e+01   2.8814932925e-01   2.8814932925e-01
  -4.3108669520e-01  -4.3248791107e-01   1.8109329729e+01   2.9284173894e-01   2.9284173894e-01
  -4.2828426347e-01  -4.2968547934e-01   1.8144579456e+01   2.9763715947e-01   2.9763715947e-01
  -4.2548183174e-01  -4.2688304761e-01   1.8177606392e+01   3.0252326768e-01   3.0252326768e-01
  -4.2267940001e-01  -4.2408061588e-01   1.8208521289e+01   3.0748990615e-01   3.0748990615e-01
  -4.1987696828e-01  -4.2127818415e-01   1.8237457578e+01   3.1252689145e-01   3.1252689145e-01
  -4.1707453655e-01  -4.1847575242e-01   1.8264586480e+01   3.1762818781e-01   3.1762818781e-01
  -4.1427210482e-01  -4.1567332069e-01   1.8290078341e+01   3.2278648761e-01   3.2278648761e-01
  -4.1146967309e-01  -4.1287088896e-01   1.8314112525e+01   3.2799675823e-01   3.2799675823e-01
  -4.0866724136e-01  -4.1006845723e-01   1.8336865739e+01   3.3325627820e-01   3.3325627820e-01
  -4.0586480963e-01  -4.0726602550e-01   1.8358573316e+01   3.3858062740e-01   3.3858062740e-01
  -4.0306237790e-01  -4.0446359377e-01   1.8379501878e+01   3.4399663114e-01   3.4399663114e-01
  -4.0025994618e-01  -4.0166116204e-01   1.8399851343e+01   3.4951411709e-01   3.4951411709e-01
  -3.9704845579e-01  -3.9885873031e-01   1.8422473781e+01   3.5589345633e-01   3.5589345633e-01
  -3.9342790675e-01  -3.9523818127e-01   1.8446638937e+01   3.6299859534e-01   3.6299859534e-01
  -3.8980735771e-01  -3.9161763223e-01   1.8469432951e+01   3.6992448744e-01   3.6992448744e-01
  -3.8618680868e-01  -3.8799708320e-01   1.8491109050e+01   3.7666165525e-01   3.7666165525e-01
  -3.8256625964e-01  -3.8437653416e-01   1.8511944609e+01   3.8321204745e-01   3.8321204745e-01
  -3.7894571060e-01  -3.8075598512e-01   1.8532152115e+01   3.8956594778e-01   3.8956594778e-01
  -3.7532516156e-01  -3.7713543608e-01   1.8551887474e+01   3.9570464184e-01   3.9570464184e-01
  -3.7170461252e-01  -3.7351488704e-01   1.8571273474e+01   4.0160634375e-01   4.0160634375e-01
  -3.6808406348e-01  -3.6989433800e-01   1.8590415650e+01   4.0724983120e-01   4.0724983120e-01
  -3.6446351445e-01  -3.6627378897e-01   1.8609409582e+01   4.1261586133e-01   4.1261586133e-01
  -3.6084296541e-01  -3.6265323993e-01   1.8628343091e+01   4.1768734669e-01   4.1768734669e-01
  -3.5722241637e-01  -3.5903269089e-01   1.8647296740e+01   4.2244915269e-01   4.2244915269e-01
  -3.5360186733e-01  -3.5541214185e-01   1.8666344870e+01   4.2688802819e-01   4.2688802819e-01
  -3.4998131829e-01  -3.5179159281e-01   1.8685559106e+01   4.3099297948e-01   4.3099297948e-01
  -3.4636076925e-01  -3.4817104377e-01   1.8705017577e+01   4.3475649221e-01   4.3475649221e-01
  -3.4274022022e-01  -3.4455049474e-01   1.8724812462e+01   4.3817519450e-01   4.3817519450e-01
  -3.3920642773e-01  -3.4092994570e-01   1.8744534321e+01   4.4117032071e-01   4.4117032071e-01
  -3.3575939179e-01  -3.3748290976e-01   1.8764151685e+01   4.4376119272e-01   4.4376119272e-01
  -3.3231235585e-01  -3.3403587382e-01   1.8784159681e+01   4.4601122790e-01   4.4601122790e-01
  -3.2886531991e-01  -3.3058883788e-01   1.8804596394e+01   4.4791706234e-01   4.4791706234e-01
  -3.2541828397e-01  -3.2714180194e-01   1.8825507249e+01   4.4947816024e-01   4.4947816024e-01
  -3.2197124803e-01  -3.2369476600e-01   1.8846928363e+01   4.5069398351e-01   4.5069398351e-01
  -3.1852421209e-01  -3.2024773006e-01   1.8868882588e+01   4.5156369111e-01   4.5156369111e-01
  -3.1507717615e-01  -3.1680069412e-01   1.8891380922e+01   4.5208666995e-01   4.5208666995e-01
  -3.1163014021e-01  -3.1335365818e-01   1.8914425255e+01   4.5226299012e-01   4.5226299012e-01
  -3.0818310427e-01  -3.0990662224e-01   1.8938011638e+01   4.5209364863e-01   4.5209364863e-01
  -3.0473606833e-01  -3.0645958630e-01   1.8962133685e+01   4.5158065398e-01   4.5158065398e-01
  -3.0128903239e-01  -3.0301255036e-01   1.8986785559e+01   4.5072699956e-01   4.5072699956e-01
  -2.9784199645e-01  -2.9956551442e-01   1.9011964723e+01   4.4953648646e-01   4.4953648646e-01
  -2.9439496051e-01  -2.9611847848e-01   1.9037679276e+01   4.4801295434e-01   4.4801295434e-01
  -2.9094792457e-01  -2.9267144254e-01   1.9063968857e+01   4.4615810547e-01   4.4615810547e-01
  -2.8750088863e-01  -2.8922440660e-01   1.9090915270e+01   4.4396989914e-01   4.4396989914e-01
  -2.8422741244e-01  -2.8577737066e-01   1.9117167651e+01   4.4157584667e-01   4.4157584667e-01
  -2.8112749601e-01  -2.8267745422e-01   1.9142510999e+01   4.3904939228e-01   4.3904939228e-01
  -2.7802757957e-01  -2.7957753779e-01   1.9168254141e+01   4.3627432544e-01   4.3627432544e-01
  -2.7492766313e-01  -2.7647762135e-01   1.9194368600e+01   4.3325792115e-01   4.3325792115e-01
  -2.7182774670e-01  -2.7337770492e-01   1.9220863154e+01   4.3000495818e-01   4.3000495818e-01
  -2.6872783026e-01  -2.7027778848e-01   1.9247749628e+01   4.2652019287e-01   4.2652019287e-01
  -2.6562791383e-01  -2.6717787204e-01   1.9275027505e+01   4.2280957051e-01   4.2280957051e-01
  -2.6252799739e-01  -2.6407795561e-01   1.9302683318e+01   4.1888031280e-01   4.1888031280e-01
  -2.5942808096e-01  -2.6097803917e-01   1.9330695033e+01   4.1474051996e-01   4.1474051996e-01
  -2.5632816452e-01  -2.5787812274e-01   1.9359037271e+01   4.1039858857e-01   4.1039858857e-01
  -2.5322824808e-01  -2.5477820630e-01   1.9387686049e+01   4.0586261110e-01   4.0586261110e-01
  -2.5012833165e-01  -2.5167828987e-01   1.9416622058e+01   4.0113993445e-01   4.0113993445e-01
  -2.4702841521e-01  -2.4857837343e-01   1.9445832468e+01   3.9623689137e-01   3.9623689137e-01
  -2.4392849878e-01  -2.4547845699e-01   1.9475313786e+01   3.9115825470e-01   3.9115825470e-01
  -2.4082858234e-01  -2.4237854056e-01   1.9505077174e+01   3.8590618602e-01   3.8590618602e-01
  -2.3772866591e-01  -2.3927862412e-01   1.9535143069e+01   3.8048109468e-01   3.8048109468e-01
  -2.3470553632e-01  -2.3617870769e-01   1.9564754815e+01   3.7502634359e-01   3.7502634359e-01
  -2.3175919358e-01  -2.3323236495e-01   1.9593834282e+01   3.6957064958e-01   3.6957064958e-01
  -2.2881285084e-01  -2.3028602221e-01   1.9623074870e+01   3.6398970644e-01   3.6398970644e-01
  -2.2586650810e-01  -2.2733967947e-01   1.9652437720e+01   3.5829436621e-01   3.5829436621e-01
  -2.2292016536e-01  -2.2439333673e-01   1.9681904169e+01   3.5249195075e-01   3.5249195075e-01
  -2.1997382263e-01  -2.2144699400e-01   1.9711463126e+01   3.4658844963e-01   3.4658844963e-01
  -2.1702747989e-01  -2.1850065126e-01   1.9741103054e+01   3.4058992812e-01   3.4058992812e-01
  -2.1408113715e-01  -2.1555430852e-01   1.9770810101e+01   3.3450285723e-01   3.3450285723e-01
  -2.1113479441e-01  -2.1260796578e-01   1.9800568572e+01   3.2833404132e-01   3.2833404132e-01
  -2.0818845167e-01  -2.0966162304e-01   1.9830361497e+01   3.2209053177e-01   3.2209053177e-01
  -2.0524210894e-01  -2.0671528030e-01   1.9860170913e+01   3.1577959545e-01   3.1577959545e-01
  -2.0229576620e-01  -2.0376893757e-01   1.9889977907e+01   3.0940872614e-01   3.0940872614e-01
  -1.9934942346e-01  -2.0082259483e-01   1.9919761951e+01   3.0298581003e-01   3.0298581003e-01
  -1.9640308072e-01  -1.9787625209e-01   1.9949498301e+01   2.9651972105e-01   2.9651972105e-01
  -1.9345673798e-01  -1.9492990935e-01   1.9979154466e+01   2.9002112162e-01   2.9002112162e-01
  -1.9051039524e-01  -1.9198356661e-01   2.0008693774e+01   2.8350169824e-01   2.8350169824e-01
  -1.8750965899e-01  -1.8903722387e-01   2.0038634324e+01   2.7685000540e-01   2.7685000540e-01
  -1.8445452922e-01  -1.8598209410e-01   2.0068962125e+01   2.7007003601e-01   2.7007003601e-01
  -1.8139939945e-01  -1.8292696433e-01   2.0099135104e+01   2.6328650328e-01   2.6328650328e-01
  -1.7834426968e-01  -1.7987183456e-01   2.0129138800e+01   2.5650697864e-01   2.5650697864e-01
  -1.7528913990e-01  -1.7681670479e-01   2.0158946772e+01   2.4974181050e-01   2.4974181050e-01
  -1.7223401013e-01  -1.7376157502e-01   2.0188530160e+01   2.4300204418e-01   2.4300204418e-01
  -1.6917888036e-01  -1.7070644525e-01   2.0217861688e+01   2.3629855646e-01   2.3629855646e-01
  -1.6612375059e-01  -1.6765131548e-01   2.0246914748e+01   2.2964227509e-01   2.2964227509e-01
  -1.6306862082e-01  -1.6459618570e-01   2.0275660906e+01   2.2304474853e-01   2.2304474853e-01
  -1.6001349105e-01  -1.6154105593e-01   2.0304067604e+01   2.1651867057e-01   2.1651867057e-01
  -1.5695836128e-01  -1.5848592616e-01   2.0332096948e+01   2.1007815694e-01   2.1007815694e-01
  -1.5390323151e-01  -1.5543079639e-01   2.0359705950e+01   2.0373868399e-01   2.0373868399e-01
  -1.5084810173e-01  -1.5237566662e-01   2.0386845640e+01   1.9751727062e-01   1.9751727062e-01
  -1.4779297196e-01  -1.4932053685e-01   2.0413450628e+01   1.9143480271e-01   1.9143480271e-01
  -1.4473784219e-01  -1.4626540708e-01   2.0439418652e+01   1.8552058620e-01   1.8552058620e-01
  -1.4168271242e-01  -1.4321027731e-01   2.0464623577e+01   1.7980926611e-01   1.7980926611e-01
  -1.3833147443e-01  -1.4015514754e-01   2.0491374005e+01   1.7378707357e-01   1.7378707357e-01
  -1.3468412820e-01  -1.3650780131e-01   2.0519444981e+01   1.6752923481e-01   1.6752923481e-01
  -1.3103678198e-01  -1.3286045509e-01   2.0546597411e+01   1.6154980200e-01   1.6154980200e-01
  -1.2738943576e-01  -1.2921310887e-01   2.0572780663e+01   1.5587077715e-01   1.5587077715e-01
  -1.2374208954e-01  -1.2556576265e-01   2.0597863001e+01   1.5053254300e-01   1.5053254300e-01
  -1.2009474332e-01  -1.2191841643e-01   2.0621714266e+01   1.4557489771e-01   1.4557489771e-01
  -1.1644739710e-01  -1.1827107021e-01   2.0644222431e+01   1.4103321938e-01   1.4103321938e-01
  -1.1280005088e-01  -1.1462372399e-01   2.0665285680e+01   1.3694016697e-01   1.3694016697e-01
  -1.0915270466e-01  -1.1097637777e-01   2.0684802962e+01   1.3332761285e-01   1.3332761285e-01
  -1.0550535844e-01  -1.0732903155e-01   2.0702667450e+01   1.3022776103e-01   1.3022776103e-01
  -1.0185801222e-01  -1.0368168533e-01   2.0718763117e+01   1.2767345203e-01   1.2767345203e-01
  -9.8210665996e-02  -1.0003433911e-01   2.0732964609e+01   1.2569774575e-01   1.2569774575e-01
  -9.4563319776e-02  -9.6386992886e-02   2.0745140447e+01   1.2433294689e-01   1.2433294689e-01
  -9.0915973555e-02  -9.2739646665e-02   2.0755158723e+01   1.2360943689e-01   1.2360943689e-01
  -8.7268627334e-02  -8.9092300444e-02   2.0762893533e+01   1.2355484728e-01   1.2355484728e-01
  -8.3621281113e-02  -8.5444954224e-02   2.0768228495e+01   1.2419371914e-01   1.2419371914e-01
  -8.0050272326e-02  -8.1797608003e-02   2.0770993281e+01   1.2551844204e-01   1.2551844204e-01
  -7.6555600972e-02  -7.8302936649e-02   2.0771293933e+01   1.2748475260e-01   1.2748475260e-01
  -7.3060929618e-02  -7.4808265295e-02   2.0769100770e+01   1.3013240814e-01   1.3013240814e-01
  -6.9566258263e-02  -7.1313593941e-02   2.0764329475e+01   1.3347182990e-01   1.3347182990e-01
  -6.6071586909e-02  -6.7818922586e-02   2.0756892593e+01   1.3751243083e-01   1.3751243083e-01
  -6.2576915555e-02  -6.4324251232e-02   2.0746699474e+01   1.4226153115e-01   1.4226153115e-01
  -5.9082244201e-02  -6.0829579878e-02   2.0733661213e+01   1.4772286598e-01   1.4772286598e-01
  -5.5587572847e-02  -5.7334908524e-02   2.0717696485e+01   1.5389507777e-01   1.5389507777e-01
  -5.2092901493e-02  -5.3840237170e-02   2.0698737223e+01   1.6077034990e-01   1.6077034990e-01
  -4.8598230139e-02  -5.0345565816e-02   2.0676735012e+01   1.6833305579e-01   1.6833305579e-01
  -4.5103558785e-02  -4.6850894462e-02   2.0651669327e+01   1.7655813218e-01   1.7655813218e-01
  -4.1608887431e-02  -4.3356223108e-02   2.0623557166e+01   1.8540919461e-01   1.8540919461e-01
  -3.8114216077e-02  -3.9861551754e-02   2.0592464423e+01   1.9483619753e-01   1.9483619753e-01
  -3.4619544723e-02  -3.6366880400e-02   2.0558538178e+01   2.0476745945e-01   2.0476745945e-01
  -3.1124873369e-02  -3.2872209046e-02   2.0522101192e+01   2.1508514571e-01   2.1508514571e-01
  -2.7630202015e-02  -2.9377537692e-02   2.0483708375e+01   2.2561188693e-01   2.2561188693e-01
  -2.3452102231e-02  -2.5882866338e-02   2.0435951214e+01   2.3829090477e-01   2.3829090477e-01
  -1.8590574019e-02  -2.1021338125e-02   2.0376666564e+01   2.5334773314e-01   2.5334773314e-01
  -1.3729045806e-02  -1.6159809912e-02   2.0313367888e+01   2.6872298745e-01   2.6872298745e-01
  -8.8675175935e-03  -1.1298281700e-02   2.0246556392e+01   2.8420531804e-01   2.8420531804e-01
  -4.0059893809e-03  -6.4367534872e-03   2.0176853601e+01   2.9955421078e-01   2.9955421078e-01
   8.5553883170e-04  -1.5752252746e-03   2.0104904599e+01   3.1452973083e-01   3.1452973083e-01
   5.7170670443e-03   3.2863029380e-03   2.0031476121e+01   3.2886876483e-01   3.2886876483e-01
   1.0578595257e-02   8.1478311506e-03   1.9957637192e+01   3.4225355567e-01   3.4225355567e-01
   1.5717156845e-02   1.3009359363e-02   1.9880665994e+01   3.5500212636e-01   3.5500212636e-01
   2.1132751810e-02   1.8424954327e-02   1.9801742937e+01   3.6651122644e-01   3.6651122644e-01
   2.6548346774e-02   2.3840549292e-02   1.9726179056e+01   3.7577285371e-01   3.7577285371e-01
   3.1963941738e-02   2.9256144256e-02   1.9655290179e+01   3.8245851368e-01   3.8245851368e-01
   3.7379536702e-02   3.4671739220e-02   1.9590349268e+01   3.8626182096e-01   3.8626182096e-01
   4.2795131666e-02   4.0087334184e-02   1.9532449766e+01   3.8690551664e-01   3.8690551664e-01
   4.8210726631e-02   4.5502929149e-02   1.9482393396e+01   3.8413168981e-01   3.8413168981e-01
   5.3626321595e-02   5.0918524113e-02   1.9440378999e+01   3.7759845886e-01   3.7759845886e-01
   5.8125160278e-02   5.6334119077e-02   1.9411801571e+01   3.6857164210e-01   3.6857164210e-01
   6.1707242680e-02   5.9916201479e-02   1.9393614607e+01   3.5953059536e-01   3.5953059536e-01
   6.5289325082e-02   6.3498283881e-02   1.9380501723e+01   3.4867993664e-01   3.4867993664e-01
   6.8871407484e-02   6.7080366283e-02   1.9372450864e+01   3.3604781332e-01   3.3604781332e-01
   7.2453489887e-02   7.0662448686e-02   1.9369283271e+01   3.2166519839e-01   3.2166519839e-01
   7.6035572289e-02   7.4244531088e-02   1.9370820112e+01   3.0557827716e-01   3.0557827716e-01
   7.9617654691e-02   7.7826613490e-02   1.9376885648e+01   2.8785068192e-01   2.8785068192e-01
   8.3199737093e-02   8.1408695892e-02   1.9387277522e+01   2.6856313330e-01   2.6856313330e-01
   8.6781819495e-02   8.4990778294e-02   1.9401751364e+01   2.4781207261e-01   2.4781207261e-01
   9.0363901897e-02   8.8572860696e-02   1.9420021676e+01   2.2570583791e-01   2.2570583791e-01
   9.3945984300e-02   9.2154943099e-02   1.9441772494e+01   2.0235792421e-01   2.0235792421e-01
   9.7528066702e-02   9.5737025501e-02   1.9466671108e+01   1.7787937697e-01   1.7787937697e-01
   1.0111014910e-01   9.9319107903e-02   1.9494379508e+01   1.5237331956e-01   1.5237331956e-01
   1.0469223151e-01   1.0290119030e-01   1.9524568338e+01   1.2592741388e-01   1.2592741388e-01
   1.0827431391e-01   1.0648327271e-01   1.9556955048e+01   9.8586552234e-02   9.8586552234e-02
   1.1185639631e-01   1.1006535511e-01   1.9591337319e+01   7.0328984272e-02   7.0328984272e-02
   1.1519641473e-01   1.1364743751e-01   1.9625001515e+01   4.3160109397e-02   4.3160109397e-02
   1.1829436916e-01   1.1674539194e-01   1.9657097351e+01   1.7508954748e-02   1.7508954748e-02
   1.2139232359e-01   1.1984334637e-01   1.9689656402e+01  -8.3853090342e-03  -8.3853090342e-03
   1.2449027802e-01   1.2294130080e-01   1.9722356397e+01  -3.4384950692e-02  -3.4384950692e-02
   1.2758823245e-01   1.2603925523e-01   1.9754941668e+01  -6.0404829369e-02  -6.0404829369e-02
   1.3068618688e-01   1.2913720966e-01   1.9787173341e+01  -8.6370104692e-02  -8.6370104692e-02
   1.3378414131e-01   1.3223516409e-01   1.9818807500e+01  -1.1219738758e-01  -1.1219738758e-01
   1.3688209574e-01   1.3533311853e-01   1.9849595809e+01  -1.3779468976e-01  -1.3779468976e-01
   1.3998005017e-01   1.3843107296e-01   1.9879292401e+01  -1.6306684905e-01  -1.6306684905e-01
   1.4307800460e-01   1.4152902739e-01   1.9907659543e+01  -1.8792030804e-01  -1.8792030804e-01
   1.4617595903e-01   1.4462698182e-01   1.9934470272e+01  -2.1226563698e-01  -2.1226563698e-01
   1.4927391346e-01   1.4772493625e-01   1.9959507874e+01  -2.3601745782e-01  -2.3601745782e-01
   1.5237186789e-01   1.5082289068e-01   1.9982562183e+01  -2.5909101790e-01  -2.5909101790e-01
   1.5546982232e-01   1.5392084511e-01   2.0003421496e+01  -2.8139243681e-01  -2.8139243681e-01
   1.5856777675e-01   1.5701879954e-01   2.0021862860e+01  -3.0280391880e-01  -3.0280391880e-01
   1.6166573118e-01   1.6011675397e-01   2.0037663632e+01  -3.2319182566e-01  -3.2319182566e-01
   1.6489829221e-01   1.6321470840e-01   2.0051222397e+01  -3.4330942596e-01  -3.4330942596e-01
   1.6826545982e-01   1.6658187601e-01   2.0061939986e+01  -3.6297435059e-01  -3.6297435059e-01
   1.7163262743e-01   1.6994904363e-01   2.0069184059e+01  -3.8139830313e-01  -3.8139830313e-01
   1.7499979505e-01   1.7331621124e-01   2.0072832591e+01  -3.9856709570e-01  -3.9856709570e-01
   1.7836696266e-01   1.7668337885e-01   2.0072730105e+01  -4.1442275720e-01  -4.1442275720e-01
   1.8173413027e-01   1.8005054647e-01   2.0068724304e+01  -4.2890512088e-01  -4.2890512088e-01
   1.8510129789e-01   1.8341771408e-01   2.0060679848e+01  -4.4197030021e-01  -4.4197030021e-01
   1.8846846550e-01   1.8678488169e-01   2.0048478997e+01  -4.5359381232e-01  -4.5359381232e-01
   1.9183563311e-01   1.9015204931e-01   2.0032021308e+01  -4.6376920501e-01  -4.6376920501e-01
   1.9520280073e-01   1.9351921692e-01   2.0011226555e+01  -4.7250564415e-01  -4.7250564415e-01
   1.9856996834e-01   1.9688638453e-01   1.9986040340e+01  -4.7982519308e-01  -4.7982519308e-01
   2.0193713595e-01   2.0025355215e-01   1.9956439714e+01  -4.8576040631e-01  -4.8576040631e-01
   2.0530430357e-01   2.0362071976e-01   1.9922437101e+01  -4.9035285318e-01  -4.9035285318e-01
   2.0867147118e-01   2.0698788737e-01   1.9884089077e+01  -4.9365277498e-01  -4.9365277498e-01
   2.1203863879e-01   2.1035505499e-01   1.9841521442e+01  -4.9571963927e-01  -4.9571963927e-01
   2.1540580641e-01   2.1372222260e-01   1.9794932966e+01  -4.9662332292e-01  -4.9662332292e-01
   2.1895385541e-01   2.1708939021e-01   1.9741760935e+01  -4.9643554609e-01  -4.9643554609e-01
   2.2268278580e-01   2.2081832060e-01   1.9681071684e+01  -4.9502772877e-01  -4.9502772877e-01
   2.2641171618e-01   2.2454725099e-01   1.9615520093e+01  -4.9253239432e-01  -4.9253239432e-01
   2.3014064657e-01   2.2827618138e-01   1.9545187739e+01  -4.8906942907e-01  -4.8906942907e-01
   2.3386957696e-01   2.3200511177e-01   1.9470181631e+01  -4.8475702073e-01  -4.8475702073e-01
   2.3759850735e-01   2.3573404215e-01   1.9390519770e+01  -4.7970996948e-01  -4.7970996948e-01
   2.4132743774e-01   2.3946297254e-01   1.9306008841e+01  -4.7403158800e-01  -4.7403158800e-01
   2.4505636813e-01   2.4319190293e-01   1.9216170652e+01  -4.6780740490e-01  -4.6780740490e-01
   2.4833267462e-01   2.4692083332e-01   1.9132345441e+01  -4.6195061554e-01  -4.6195061554e-01
   2.5115635721e-01   2.4974451592e-01   1.9057360558e+01  -4.5674280841e-01  -4.5674280841e-01
   2.5398003981e-01   2.5256819851e-01   1.8980113848e+01  -4.5146007931e-01  -4.5146007931e-01
   2.5680372241e-01   2.5539188111e-01   1.8900978122e+01  -4.4617751768e-01  -4.4617751768e-01
   2.5962740501e-01   2.5821556371e-01   1.8820266941e+01  -4.4096173863e-01  -4.4096173863e-01
   2.6245108760e-01   2.6103924630e-01   1.8738446407e+01  -4.3588297624e-01  -4.3588297624e-01
   2.6527477020e-01   2.6386292890e-01   1.8656316889e+01  -4.3102459699e-01  -4.3102459699e-01
   2.6809845280e-01   2.6668661150e-01   1.8574815596e+01  -4.2647062514e-01  -4.2647062514e-01
   2.7226795287e-01   2.6951029409e-01   1.8455938313e+01  -4.2026156013e-01  -4.2026156013e-01
   2.7778327043e-01   2.7502561165e-01   1.8299052340e+01  -4.1329243193e-01  -4.1329243193e-01
   2.8329858798e-01   2.8054092921e-01   1.8139803558e+01  -4.0754341746e-01  -4.0754341746e-01
   2.8881390554e-01   2.8605624676e-01   1.7979093028e+01  -4.0316056202e-01  -4.0316056202e-01
   2.9432086148e-01   2.9157156432e-01   1.7818564525e+01  -4.0027522023e-01  -4.0027522023e-01
   2.9981945580e-01   2.9707015864e-01   1.7659429428e+01  -3.9895693163e-01  -3.9895693163e-01
   3.0531805013e-01   3.0256875297e-01   1.7501893622e+01  -3.9924264240e-01  -3.9924264240e-01
   3.1081664445e-01   3.0806734729e-01   1.7344074416e+01  -4.0117633516e-01  -4.0117633516e-01
   3.1499158102e-01   3.1356594161e-01   1.7220370789e+01  -4.0396124603e-01  -4.0396124603e-01
   3.1784285983e-01   3.1641722042e-01   1.7136074107e+01  -4.0629444507e-01  -4.0629444507e-01
   3.2069413864e-01   3.1926849923e-01   1.7052880437e+01  -4.0902868227e-01  -4.0902868227e-01
   3.2354541745e-01   3.2211977805e-01   1.6971254970e+01  -4.1213222221e-01  -4.1213222221e-01
   3.2639669626e-01   3.2497105686e-01   1.6891358883e+01  -4.1557086748e-01  -4.1557086748e-01
   3.2924797507e-01   3.2782233567e-01   1.6813300790e+01  -4.1930425227e-01  -4.1930425227e-01
   3.3209925388e-01   3.3067361448e-01   1.6737285518e+01  -4.2328270780e-01  -4.2328270780e-01
   3.3495053269e-01   3.3352489329e-01   1.6663586708e+01  -4.2745008300e-01  -4.2745008300e-01
   3.3820098830e-01   3.3637617210e-01   1.6582385519e+01  -4.3235757934e-01  -4.3235757934e-01
   3.4185062071e-01   3.4002580450e-01   1.6495106472e+01  -4.3801913364e-01  -4.3801913364e-01
   3.4550025311e-01   3.4367543691e-01   1.6411431198e+01  -4.4375414785e-01  -4.4375414785e-01
   3.4914988552e-01   3.4732506931e-01   1.6331426377e+01  -4.4946197293e-01  -4.4946197293e-01
   3.5279951792e-01   3.5097470172e-01   1.6255406064e+01  -4.5502531930e-01  -4.5502531930e-01
   3.5644915033e-01   3.5462433412e-01   1.6183716403e+01  -4.6032458170e-01  -4.6032458170e-01
   3.6009878273e-01   3.5827396653e-01   1.6116507837e+01  -4.6525529616e-01  -4.6525529616e-01
   3.6374841514e-01   3.6192359893e-01   1.6053538310e+01  -4.6974333657e-01  -4.6974333657e-01
   3.6706321455e-01   3.6557323134e-01   1.5999844429e+01  -4.7336147032e-01  -4.7336147032e-01
   3.7004318098e-01   3.6855319777e-01   1.5954177795e+01  -4.7622254413e-01  -4.7622254413e-01
   3.7302314741e-01   3.7153316420e-01   1.5911176483e+01  -4.7864240987e-01  -4.7864240987e-01
   3.7600311384e-01   3.7451313063e-01   1.5870821145e+01  -4.8057989522e-01  -4.8057989522e-01
   3.7898308027e-01   3.7749309706e-01   1.5833047536e+01  -4.8199931033e-01  -4.8199931033e-01
   3.8196304670e-01   3.8047306348e-01   1.5797806887e+01  -4.8286541901e-01  -4.8286541901e-01
   3.8494301313e-01   3.8345302991e-01   1.5765078245e+01  -4.8314148061e-01  -4.8314148061e-01
   3.8792297956e-01   3.8643299634e-01   1.5734849789e+01  -4.8278876757e-01  -4.8278876757e-01
   3.9090294599e-01   3.8941296277e-01   1.5707098477e+01  -4.8176544632e-01  -4.8176544632e-01
   3.9388291242e-01   3.9239292920e-01   1.5681780111e+01  -4.8002488563e-01  -4.8002488563e-01
   3.9686287885e-01   3.9537289563e-01   1.5658832111e+01  -4.7751520146e-01  -4.7751520146e-01
   3.9984284528e-01   3.9835286206e-01   1.5638189192e+01  -4.7418253387e-01  -4.7418253387e-01
   4.0282281171e-01   4.0133282849e-01   1.5619810458e+01  -4.6998050212e-01  -4.6998050212e-01
   4.0580277813e-01   4.0431279492e-01   1.5603710770e+01  -4.6488654205e-01  -4.6488654205e-01
   4.0878274456e-01   4.0729276135e-01   1.5589973252e+01  -4.5891675740e-01  -4.5891675740e-01
   4.1176271099e-01   4.1027272778e-01   1.5578701899e+01  -4.5211565118e-01  -4.5211565118e-01
   4.1511364044e-01   4.1325269421e-01   1.5568823898e+01  -4.4356445028e-01  -4.4356445028e-01
   4.1883553289e-01   4.1697458666e-01   1.5561551243e+01  -4.3278353402e-01  -4.3278353402e-01
   4.2255742534e-01   4.2069647911e-01   1.5557749196e+01  -4.2067180045e-01  -4.2067180045e-01
   4.2627931779e-01   4.2441837157e-01   1.5557301461e+01  -4.0723538976e-01  -4.0723538976e-01
   4.3000121025e-01   4.2814026402e-01   1.5560123318e+01  -3.9250930343e-01  -3.9250930343e-01
   4.3372310270e-01   4.3186215647e-01   1.5566107787e+01  -3.7653448472e-01  -3.7653448472e-01
   4.3744499515e-01   4.3558404893e-01   1.5575124892e+01  -3.5935444865e-01  -3.5935444865e-01
   4.4116688761e-01   4.3930594138e-01   1.5587032774e+01  -3.4101707639e-01  -3.4101707639e-01
   4.4488878006e-01   4.4302783383e-01   1.5601686136e+01  -3.2157442723e-01  -3.2157442723e-01
   4.4861067251e-01   4.4674972629e-01   1.5618943294e+01  -3.0107930794e-01  -3.0107930794e-01
   4.5233256497e-01   4.5047161874e-01   1.5638673916e+01  -2.7957915341e-01  -2.7957915341e-01
   4.5605445742e-01   4.5419351119e-01   1.5660766449e+01  -2.5710940424e-01  -2.5710940424e-01
   4.5977634987e-01   4.5791540365e-01   1.5685132524e+01  -2.3368937870e-01  -2.3368937870e-01
   4.6349824233e-01   4.6163729610e-01   1.5711716072e+01  -2.0931459015e-01  -2.0931459015e-01
   4.6722013478e-01   4.6535918855e-01   1.5740542547e+01  -1.8391616568e-01  -1.8391616568e-01
   4.7094202723e-01   4.6908108101e-01   1.5771777603e+01  -1.5731371959e-01  -1.5731371959e-01
   4.7422486138e-01   4.7280297346e-01   1.5801507227e+01  -1.3271246915e-01  -1.3271246915e-01
   4.7706863721e-01   4.7564674929e-01   1.5828438056e+01  -1.1085553211e-01  -1.1085553211e-01
   4.7991241304e-01   4.7849052513e-01   1.5856287668e+01  -8.8651391516e-02  -8.8651391516e-02
   4.8275618887e-01   4.8133430096e-01   1.5884882308e+01  -6.6221678382e-02  -6.6221678382e-02
   4.8559996471e-01   4.8417807679e-01   1.5914127983e+01  -4.3617165302e-02  -4.3617165302e-02
   4.8844374054e-01   4.8702185262e-01   1.5943960641e+01  -2.0862065420e-02  -2.0862065420e-02
   4.9128751637e-01   4.8986562846e-01   1.5974316630e+01   2.0198053216e-03   2.0198053216e-03
   4.9413129221e-01   4.9270940429e-01   1.6005127849e+01   2.5000542528e-02   2.5000542528e-02
   4.9697506804e-01   4.9555318012e-01   1.6036325735e+01   4.8051458658e-02   4.8051458658e-02
   4.9981884387e-01   4.9839695595e-01   1.6067844810e+01   7.1146090991e-02   7.1146090991e-02
   5.0266261970e-01   5.0124073179e-01   1.6099623962e+01   9.4261307261e-02   9.4261307261e-02
   5.0550639554e-01   5.0408450762e-01   1.6131605963e+01   1.1737698040e-01   1.1737698040e-01
   5.0835017137e-01   5.0692828345e-01   1.6163735331e+01   1.4047442748e-01   1.4047442748e-01
   5.1119394720e-01   5.0977205929e-01   1.6195954178e+01   1.6353342885e-01   1.6353342885e-01
   5.1403772304e-01   5.1261583512e-01   1.6228198248e+01   1.8652942075e-01   1.8652942075e-01
   5.1688149887e-01   5.1545961095e-01   1.6260400155e+01   2.0943582833e-01   2.0943582833e-01
   5.1978521127e-01   5.1830338678e-01   1.6293178367e+01   2.3271339545e-01   2.3271339545e-01
   5.2274886025e-01   5.2126703576e-01   1.6326475610e+01   2.5634240766e-01   2.5634240766e-01
   5.2571250922e-01   5.2423068474e-01   1.6359564831e+01   2.7983176245e-01   2.7983176245e-01
   5.2867615820e-01   5.2719433371e-01   1.6392379837e+01   3.0316023559e-01   3.0316023559e-01
   5.3163980718e-01   5.3015798269e-01   1.6424842534e+01   3.2629876699e-01   3.2629876699e-01
   5.3460345615e-01   5.3312163166e-01   1.6456871734e+01   3.4921668043e-01   3.4921668043e-01
   5.3756710513e-01   5.3608528064e-01   1.6488386216e+01   3.7188374267e-01   3.7188374267e-01
   5.4053075410e-01   5.3904892961e-01   1.6519302816e+01   3.9426863101e-01   3.9426863101e-01
   5.4349440308e-01   5.4201257859e-01   1.6549533207e+01   4.1633640983e-01   4.1633640983e-01
   5.4645805205e-01   5.4497622757e-01   1.6578981579e+01   4.3804663230e-01   4.3804663230e-01
   5.4942170103e-01   5.4793987654e-01   1.6607544498e+01   4.5935306004e-01   4.5935306004e-01
   5.5238535000e-01   5.5090352552e-01   1.6635113167e+01   4.8020514805e-01   4.8020514805e-01
   5.5534899898e-01   5.5386717449e-01   1.6661573318e+01   5.0054734257e-01   5.0054734257e-01
   5.5831264796e-01   5.5683082347e-01   1.6686790714e+01   5.2030617897e-01   5.2030617897e-01
   5.6127629693e-01   5.5979447244e-01   1.6710586662e+01   5.3936850013e-01   5.3936850013e-01
   5.6423994591e-01   5.6275812142e-01   1.6732768475e+01   5.5760428108e-01   5.5760428108e-01
   5.6765566420e-01   5.6572177040e-01   1.6756393894e+01   5.7762892429e-01   5.7762892429e-01
   5.7152345180e-01   5.6958955800e-01   1.6780531319e+01   5.9908006123e-01   5.9908006123e-01
   5.7539123940e-01   5.7345734560e-01   1.6802307295e+01   6.1956598297e-01   6.1956598297e-01
   5.7925902700e-01   5.7732513320e-01   1.6821640550e+01   6.3907838459e-01   6.3907838459e-01
   5.8312681460e-01   5.8119292080e-01   1.6838333348e+01   6.5751119208e-01   6.5751119208e-01
   5.8699460221e-01   5.8506070841e-01   1.6852216161e+01   6.7477469697e-01   6.7477469697e-01
   5.9086238981e-01   5.8892849601e-01   1.6863165225e+01   6.9080937575e-01   6.9080937575e-01
   5.9473017741e-01   5.9279628361e-01   1.6871088230e+01   7.0557456317e-01   7.0557456317e-01
   5.9859796501e-01   5.9666407121e-01   1.6875914086e+01   7.1904055858e-01   7.1904055858e-01
   6.0246575262e-01   6.0053185881e-01   1.6877588498e+01   7.3118552684e-01   7.3118552684e-01
   6.0633354022e-01   6.0439964642e-01   1.6876071946e+01   7.4199448261e-01   7.4199448261e-01
   6.1020132782e-01   6.0826743402e-01   1.6871337555e+01   7.5145889465e-01   7.5145889465e-01
   6.1406911542e-01   6.1213522162e-01   1.6863366867e+01   7.5957661440e-01   7.5957661440e-01
   6.1793690302e-01   6.1600300922e-01   1.6852136861e+01   7.6635280965e-01   7.6635280965e-01
   6.2180469063e-01   6.1987079682e-01   1.6837573861e+01   7.7180464886e-01   7.7180464886e-01
   6.2567247823e-01   6.2373858443e-01   1.6819484593e+01   7.7596428048e-01   7.7596428048e-01
   6.2906333098e-01   6.2760637203e-01   1.6800386974e+01   7.7848367468e-01   7.7848367468e-01
   6.3197724889e-01   6.3052028994e-01   1.6782003366e+01   7.7987855010e-01   7.7987855010e-01
   6.3489116680e-01   6.3343420784e-01   1.6761774629e+01   7.8047736860e-01   7.8047736860e-01
   6.3780508471e-01   6.3634812575e-01   1.6739775362e+01   7.8027906860e-01   7.8027906860e-01
   6.4071900261e-01   6.3926204366e-01   1.6716035259e+01   7.7929899123e-01   7.7929899123e-01
   6.4363292052e-01   6.4217596157e-01   1.6690571513e+01   7.7755629557e-01   7.7755629557e-01
   6.4654683843e-01   6.4508987948e-01   1.6663407279e+01   7.7506881666e-01   7.7506881666e-01
   6.4946075634e-01   6.4800379738e-01   1.6634577642e+01   7.7185368518e-01   7.7185368518e-01
   6.5237467425e-01   6.5091771529e-01   1.6604133389e+01   7.6792963355e-01   7.6792963355e-01
   6.5528859215e-01   6.5383163320e-01   1.6572145765e+01   7.6331903364e-01   7.6331903364e-01
   6.5820251006e-01   6.5674555111e-01   1.6538709804e+01   7.5804903201e-01   7.5804903201e-01
   6.6111642797e-01   6.5965946902e-01   1.6503944988e+01   7.5215193228e-01   7.5215193228e-01
   6.6403034588e-01   6.6257338692e-01   1.6468005311e+01   7.4566762312e-01   7.4566762312e-01
   6.6694426379e-01   6.6548730483e-01   1.6431126183e+01   7.3865398315e-01   7.3865398315e-01
   6.6985818169e-01   6.6840122274e-01   1.6393687034e+01   7.3120096934e-01   7.3120096934e-01
   6.7277209960e-01   6.7131514065e-01   1.6356121877e+01   7.2341296832e-01   7.2341296832e-01
   6.7659993763e-01   6.7422905856e-01   1.6306779831e+01   7.1279967477e-01   7.1279967477e-01
   6.8134169579e-01   6.7897081671e-01   1.6244345020e+01   6.9866387840e-01   6.9866387840e-01
   6.8608345394e-01   6.8371257486e-01   1.6179359696e+01   6.8332604369e-01   6.8332604369e-01
   6.9082521209e-01   6.8845433302e-01   1.6111923041e+01   6.6683885482e-01   6.6683885482e-01
   6.9556697025e-01   6.9319609117e-01   1.6042392205e+01   6.4930889121e-01   6.4930889121e-01
   7.0030872840e-01   6.9793784932e-01   1.5971050882e+01   6.3082947116e-01   6.3082947116e-01
   7.0505048655e-01   7.0267960748e-01   1.5898100598e+01   6.1147652648e-01   6.1147652648e-01
   7.0979224471e-01   7.0742136563e-01   1.5823602990e+01   5.9129008107e-01   5.9129008107e-01
   7.1437583827e-01   7.1216312378e-01   1.5750110820e+01   5.7099934722e-01   5.7099934722e-01
   7.1880126725e-01   7.1658855276e-01   1.5678506062e+01   5.5091803291e-01   5.5091803291e-01
   7.2322669622e-01   7.2101398173e-01   1.5606693223e+01   5.3049190140e-01   5.3049190140e-01
   7.2765212520e-01   7.2543941071e-01   1.5534872199e+01   5.0980347049e-01   5.0980347049e-01
   7.3207755417e-01   7.2986483969e-01   1.5463174934e+01   4.8891786927e-01   4.8891786927e-01
   7.3650298315e-01   7.3429026866e-01   1.5391718333e+01   4.6789677428e-01   4.6789677428e-01
   7.4092841213e-01   7.3871569764e-01   1.5320608771e+01   4.4679957648e-01   4.4679957648e-01
   7.4535384110e-01   7.4314112661e-01   1.5249954070e+01   4.2568703621e-01   4.2568703621e-01
   7.4982075993e-01   7.4756655559e-01   1.5179168751e+01   4.0441254843e-01   4.0441254843e-01
   7.5432916862e-01   7.5207496428e-01   1.5108133564e+01   3.8296754240e-01   3.8296754240e-01
   7.5883757731e-01   7.5658337296e-01   1.5037387797e+01   3.6154752714e-01   3.6154752714e-01
   7.6334598599e-01   7.6109178165e-01   1.4966843856e+01   3.4016133594e-01   3.4016133594e-01
   7.6785439468e-01   7.6560019034e-01   1.4896390823e+01   3.1881319434e-01   3.1881319434e-01
   7.7236280337e-01   7.7010859902e-01   1.4825871024e+01   2.9749643721e-01   2.9749643721e-01
   7.7687121206e-01   7.7461700771e-01   1.4755042625e+01   2.7618330793e-01   2.7618330793e-01
   7.8137962074e-01   7.7912541640e-01   1.4683472315e+01   2.5479440612e-01   2.5479440612e-01
   7.8568715446e-01   7.8363382509e-01   1.4613839945e+01   2.3417943991e-01   2.3417943991e-01
   7.8979381322e-01   7.8774048384e-01   1.4546334928e+01   2.1441361629e-01   2.1441361629e-01
   7.9390047197e-01   7.9184714259e-01   1.4477568164e+01   1.9455026023e-01   1.9455026023e-01
   7.9800713072e-01   7.9595380135e-01   1.4407222422e+01   1.7455917728e-01   1.7455917728e-01
   8.0211378948e-01   8.0006046010e-01   1.4334902036e+01   1.5439601345e-01   1.5439601345e-01
   8.0622044823e-01   8.0416711885e-01   1.4260152277e+01   1.3401029798e-01   1.3401029798e-01
   8.1032710698e-01   8.0827377761e-01   1.4182369749e+01   1.1332423009e-01   1.1332423009e-01
   8.1443376574e-01   8.1238043636e-01   1.4100639728e+01   9.2193866868e-02   9.2193866868e-02
   8.1808370026e-01   8.1648709511e-01   1.4023687528e+01   7.2908136924e-02   7.2908136924e-02
   8.2127691054e-01   8.1968030540e-01   1.3953524223e+01   5.5780568293e-02   5.5780568293e-02
   8.2447012083e-01   8.2287351569e-01   1.3880637413e+01   3.8486217624e-02   3.8486217624e-02
   8.2766333111e-01   8.2606672597e-01   1.3805012531e+01   2.1079985943e-02   2.1079985943e-02
   8.3085654140e-01   8.2925993626e-01   1.3726581799e+01   3.6025124389e-03   3.6025124389e-03
   8.3404975169e-01   8.3245314654e-01   1.3645378182e+01  -1.3884209198e-02  -1.3884209198e-02
   8.3724296197e-01   8.3564635683e-01   1.3561684198e+01  -3.1266428998e-02  -3.1266428998e-02
   8.4043617226e-01   8.3883956712e-01   1.3475970129e+01  -4.8392428232e-02  -4.8392428232e-02
   8.4458912342e-01   8.4203277740e-01   1.3361956258e+01  -7.0237648511e-02  -7.0237648511e-02
   8.4970181546e-01   8.4714546944e-01   1.3213713314e+01  -9.6642585066e-02  -9.6642585066e-02
   8.5481450749e-01   8.5225816148e-01   1.3054022968e+01  -1.2291245956e-01  -1.2291245956e-01
   8.5992719953e-01   8.5737085351e-01   1.2879948655e+01  -1.4916833430e-01  -1.4916833430e-01
   8.6441287477e-01   8.6248354555e-01   1.2711827388e+01  -1.7225612200e-01  -1.7225612200e-01
   8.6827153320e-01   8.6634220399e-01   1.2557257430e+01  -1.9192740470e-01  -1.9192740470e-01
   8.7213019164e-01   8.7020086242e-01   1.2392548068e+01  -2.1123960842e-01  -2.1123960842e-01
   8.7598885008e-01   8.7405952086e-01   1.2217039443e+01  -2.3007693582e-01  -2.3007693582e-01
   8.7948630325e-01   8.7791817929e-01   1.2047599432e+01  -2.4661095308e-01  -2.4661095308e-01
   8.8262255116e-01   8.8105442720e-01   1.1888188772e+01  -2.6092847259e-01  -2.6092847259e-01
   8.8575879906e-01   8.8419067511e-01   1.1721655921e+01  -2.7461855057e-01  -2.7461855057e-01
   8.8889504697e-01   8.8732692302e-01   1.1548488083e+01  -2.8756514282e-01  -2.8756514282e-01
   8.9319150349e-01   8.9046317092e-01   1.1302469362e+01  -3.0416560021e-01  -3.0416560021e-01
   8.9864816863e-01   8.9591983606e-01   1.0968755342e+01  -3.2259602484e-01  -3.2259602484e-01
   9.0377899645e-01   9.0137650119e-01   1.0632171463e+01  -3.3722017185e-01  -3.3722017185e-01
   9.0858398695e-01   9.0618149170e-01   1.0296442710e+01  -3.4844029382e-01  -3.4844029382e-01
   9.1312237444e-01   9.1098648221e-01   9.9584047374e+00  -3.5651068808e-01  -3.5651068808e-01
   9.1739415889e-01   9.1525826666e-01   9.6222737995e+00  -3.6184905911e-01  -3.6184905911e-01
   9.2146646474e-01   9.1953005112e-01   9.2844293388e+00  -3.6466943494e-01  -3.6466943494e-01
   9.2533929198e-01   9.2340287836e-01   8.9480751671e+00  -3.6530872859e-01  -3.6530872859e-01
   9.2906049203e-01   9.2727570560e-01   8.6104227723e+00  -3.6389173055e-01  -3.6389173055e-01
   9.3263006489e-01   9.3084527846e-01   8.2738115438e+00  -3.6069115208e-01  -3.6069115208e-01
   9.3608050394e-01   9.3441485132e-01   7.9362558403e+00  -3.5578845470e-01  -3.5578845470e-01
   9.3941180917e-01   9.3774615655e-01   7.5995625405e+00  -3.4941332156e-01  -3.4941332156e-01
   9.4264899485e-01   9.4107746178e-01   7.2621581805e+00  -3.4162490163e-01  -3.4162490163e-01
   9.4579206098e-01   9.4422052791e-01   6.9255199007e+00  -3.3261609801e-01  -3.3261609801e-01
   9.4886213623e-01   9.4736359405e-01   6.5881978336e+00  -3.2242204021e-01  -3.2242204021e-01
   9.5185922060e-01   9.5036067841e-01   6.2512463746e+00  -3.1119147837e-01  -3.1119147837e-01
   9.5479739528e-01   9.5335776278e-01   5.9136170665e+00  -2.9894964262e-01  -2.9894964262e-01
   9.5767666028e-01   9.5623702778e-01   5.5760872053e+00  -2.8582782169e-01  -2.8582782169e-01
   9.6189397577e-01   9.5911629277e-01   5.0723976996e+00  -2.6504672566e-01  -2.6504672566e-01
   9.6736263617e-01   9.6467165878e-01   4.3980992900e+00  -2.3460121711e-01  -2.3460121711e-01
   9.7266919055e-01   9.7005361356e-01   3.7233163236e+00  -2.0184237531e-01  -2.0184237531e-01
   9.7783458497e-01   9.7528476755e-01   3.0480281837e+00  -1.6724433834e-01  -1.6724433834e-01
   9.8140563596e-01   9.8038440239e-01   2.5706108528e+00  -1.4187327009e-01  -1.4187327009e-01
   9.8340858570e-01   9.8242686952e-01   2.3006382647e+00  -1.2735701438e-01  -1.2735701438e-01
   9.8534889879e-01   9.8439030188e-01   2.0371643021e+00  -1.1305034210e-01  -1.1305034210e-01
   9.8721711155e-01   9.8630749570e-01   1.7817644366e+00  -9.9068037472e-02  -9.9068037472e-02
   9.8903051917e-01   9.8812672741e-01   1.5323924322e+00  -8.5327365974e-02  -8.5327365974e-02
   9.9077835549e-01   9.8993431094e-01   1.2907543740e+00  -7.1944491763e-02  -7.1944491763e-02
   9.9241466094e-01   9.9162240005e-01   1.0635182181e+00  -5.9313543182e-02  -5.9313543182e-02
   9.9400725953e-01   9.9320692183e-01   8.4151174083e-01  -4.6943590226e-02  -4.6943590226e-02
   9.9565870673e-01   9.9480759723e-01   6.1051108323e-01  -3.4053618973e-02  -3.4053618973e-02
   9.9825490811e-01   9.9650981622e-01   2.4618821751e-01  -1.3713697541e-02  -1.3713697541e-02