# time = 200
# FINE UNIFORM Grid points = 361
# Pressure (Pa) = 101325
#         1_posUnif              2_Rkk           3_thetaZ           4_thetaY           5_thetaX            6_xmap1            7_xmap2
  -1.0000000000e+00   2.7444821852e-03  -9.7436023372e-03   9.7431399572e-03   7.8535069602e-01   9.5986665669e-01   0.0000000000e+00
  -9.9444444444e-01   9.2161713391e-02  -3.6674408432e-02   3.6649769672e-02   7.8472595857e-01   6.7619889880e-01  -3.8459253728e-16
  -9.8888888889e-01   3.6356055143e-01  -3.7378137407e-02   3.7352053926e-02   7.8469992593e-01   6.7404806395e-01   0.0000000000e+00
  -9.8333333333e-01   7.9003231523e-01  -3.8783072101e-02   3.8753937606e-02   7.8464647677e-01   6.6730088655e-01   0.0000000000e+00
  -9.7777777778e-01   1.3270184691e+00  -4.0974354679e-02   4.0940002158e-02   7.8455918392e-01   6.5541570241e-01   0.0000000000e+00
  -9.7222222222e-01   1.9128796982e+00  -4.2930780671e-02   4.2891273497e-02   7.8447720291e-01   6.3725491576e-01   1.9229626864e-16
  -9.6666666667e-01   2.4792182557e+00  -4.4083953350e-02   4.4041179378e-02   7.8442709468e-01   6.1222954708e-01   1.9229626864e-16
  -9.6111111111e-01   2.9682690662e+00  -4.4522446325e-02   4.4478384560e-02   7.8440769345e-01   5.8108279190e-01   1.9229626864e-16
  -9.5555555556e-01   3.3412552347e+00  -4.4599059359e-02   4.4554769978e-02   7.8440428402e-01   5.4444226795e-01  -3.8459253728e-16
  -9.5000000000e-01   3.5858502380e+00  -4.4417310731e-02   4.4373560589e-02   7.8441236256e-01   5.0356015371e-01  -3.8459253728e-16
  -9.4444444444e-01   3.7144420765e+00  -4.3561596314e-02   4.3520324023e-02   7.8444995653e-01   4.6092138723e-01  -3.8459253728e-16
  -9.3888888889e-01   3.7504150418e+00  -4.1610456416e-02   4.1574480755e-02   7.8453294750e-01   4.1927155479e-01   0.0000000000e+00
  -9.3333333333e-01   3.7155350929e+00  -3.7928766957e-02   3.7901514676e-02   7.8467921233e-01   3.8027910943e-01   0.0000000000e+00
  -9.2777777778e-01   3.6350981384e+00  -3.1712957922e-02   3.1697023076e-02   7.8489547603e-01   3.4500324436e-01   0.0000000000e+00
  -9.2222222222e-01   3.5322827421e+00  -2.1273275707e-02   2.1268463761e-02   7.8517192139e-01   3.1535649793e-01  -1.9229626864e-16
  -9.1666666667e-01   3.4304025576e+00  -7.2251034920e-03   7.2249149207e-03   7.8537206289e-01   2.9386419545e-01   0.0000000000e+00
  -9.1111111111e-01   3.3513647404e+00   6.2337120337e-03  -6.2335909265e-03   7.8537873404e-01   2.8299221725e-01  -3.8459253728e-16
  -9.0555555556e-01   3.3059030216e+00   1.2705099158e-02  -1.2704073870e-02   7.8531745795e-01   2.8339215137e-01   0.0000000000e+00
  -9.0000000000e-01   3.2878656175e+00   1.0655256906e-02  -1.0654652098e-02   7.8534139834e-01   2.9268037433e-01   0.0000000000e+00
  -8.9444444444e-01   3.2839381590e+00   4.7989110613e-03  -4.7988558015e-03   7.8538664870e-01   3.0725024328e-01   1.9229626864e-16
  -8.8888888889e-01   3.2828903317e+00   2.3957570213e-03  -2.3957501416e-03   7.8539529366e-01   3.2317874901e-01  -3.8459253728e-16
  -8.8333333333e-01   3.2853164667e+00   4.8119940816e-03  -4.8119383814e-03   7.8538658587e-01   3.3785584304e-01   0.0000000000e+00
  -8.7777777778e-01   3.3003135809e+00   7.7673522704e-03  -7.7671179820e-03   7.8536799818e-01   3.5036233941e-01   0.0000000000e+00
  -8.7222222222e-01   3.3372258145e+00   8.3109919183e-03  -8.3107049077e-03   7.8536362800e-01   3.6184356634e-01  -1.9229626864e-16
  -8.6666666667e-01   3.3961870255e+00   6.1742964337e-03  -6.1741787525e-03   7.8537910267e-01   3.7285059140e-01  -3.8459253728e-16
  -8.6111111111e-01   3.4713570386e+00   2.0543412147e-03  -2.0543368824e-03   7.8539605321e-01   3.8381878806e-01  -1.9229626864e-16
  -8.5555555556e-01   3.5545611080e+00  -2.6460113387e-03   2.6460020911e-03   7.8539466282e-01   3.9421206602e-01   0.0000000000e+00
  -8.5000000000e-01   3.6246752246e+00  -5.3531895377e-03   5.3531128425e-03   7.8538383523e-01   4.0212254404e-01  -3.8459253728e-16
  -8.4444444444e-01   3.6704471385e+00  -4.4379879903e-03   4.4379442935e-03   7.8538831567e-01   4.0748889691e-01   0.0000000000e+00
  -8.3888888889e-01   3.6909937916e+00  -5.9883677645e-04   5.9883852219e-04   7.8539798407e-01   4.1074821703e-01   0.0000000000e+00
  -8.3333333333e-01   3.6953168302e+00   3.7693522449e-03  -3.7693254819e-03   7.8539105953e-01   4.1291026998e-01  -5.7688880592e-16
  -8.2777777778e-01   3.6820191643e+00   8.1786268418e-03  -8.1783533293e-03   7.8536471919e-01   4.1275805213e-01   1.9229626864e-16
  -8.2222222222e-01   3.6560108851e+00   1.2944831656e-02  -1.2943747233e-02   7.8531438380e-01   4.0993063704e-01   0.0000000000e+00
  -8.1666666667e-01   3.6252215119e+00   1.7791765503e-02  -1.7788950239e-02   7.8523990661e-01   4.0511675032e-01   4.8074067160e-16
  -8.1111111111e-01   3.5908466254e+00   2.2958491067e-02  -2.2952442904e-02   7.8513466362e-01   3.9836515840e-01   1.9229626864e-16
  -8.0555555556e-01   3.5531444199e+00   2.7337706323e-02  -2.7327496743e-02   7.8502458137e-01   3.8970286911e-01  -3.8459253728e-16
  -8.0000000000e-01   3.5246984648e+00   2.9317839244e-02  -2.9305247642e-02   7.8496851859e-01   3.8134286274e-01   0.0000000000e+00
  -7.9444444444e-01   3.5135813899e+00   2.8805737210e-02  -2.8793793705e-02   7.8498339284e-01   3.7568097467e-01  -3.8459253728e-16
  -7.8888888889e-01   3.5184456202e+00   2.6353804486e-02  -2.6344657692e-02   7.8505098234e-01   3.7401610382e-01   0.0000000000e+00
  -7.8333333333e-01   3.5383975601e+00   2.1307598560e-02  -2.1302763291e-02   7.8517119090e-01   3.7691613483e-01   1.9229626864e-16
  -7.7777777778e-01   3.5591750372e+00   1.4023746816e-02  -1.4022368045e-02   7.8529983710e-01   3.8202610463e-01  -1.9229626864e-16
  -7.7222222222e-01   3.5603423109e+00   5.7717114558e-03  -5.7716153273e-03   7.8538150723e-01   3.8637845974e-01   0.0000000000e+00
  -7.6666666667e-01   3.5367568298e+00  -2.8820125185e-03   2.8820005513e-03   7.8539401041e-01   3.8956667334e-01  -3.8459253728e-16
  -7.6111111111e-01   3.4971058027e+00  -1.2368056246e-02   1.2367110408e-02   7.8532168299e-01   3.9341347689e-01   0.0000000000e+00
  -7.5555555556e-01   3.4539553230e+00  -2.3293806300e-02   2.3287489319e-02   7.8512691183e-01   3.9936435504e-01   0.0000000000e+00
  -7.5000000000e-01   3.4043640374e+00  -3.5128967951e-02   3.5107312891e-02   7.8478139480e-01   4.0583621812e-01   0.0000000000e+00
  -7.4444444444e-01   3.3487727805e+00  -4.5796174580e-02   4.5748226639e-02   7.8435025071e-01   4.1173149428e-01   0.0000000000e+00
  -7.3888888889e-01   3.2915264059e+00  -5.3566612006e-02   5.3489926386e-02   7.8396484218e-01   4.1651597212e-01   0.0000000000e+00
  -7.3333333333e-01   3.2355879263e+00  -5.8654637762e-02   5.8554001847e-02   7.8367994857e-01   4.1948574412e-01   1.9229626864e-16
  -7.2777777778e-01   3.1733458581e+00  -6.2520789441e-02   6.2398955803e-02   7.8344627908e-01   4.1927757433e-01  -1.9229626864e-16
  -7.2222222222e-01   3.0987987930e+00  -6.5097384957e-02   6.4959892840e-02   7.8328231365e-01   4.1534447327e-01   0.0000000000e+00
  -7.1666666667e-01   3.0133681733e+00  -6.5254852765e-02   6.5116362587e-02   7.8327207943e-01   4.0836163852e-01   1.9229626864e-16
  -7.1111111111e-01   2.9267360337e+00  -6.1772735942e-02   6.1655215184e-02   7.8349264890e-01   4.0013973773e-01   1.9229626864e-16
  -7.0555555556e-01   2.8448424787e+00  -5.4116994836e-02   5.4037924571e-02   7.8393526573e-01   3.9261646355e-01   0.0000000000e+00
  -7.0000000000e-01   2.7684104875e+00  -4.3181291133e-02   4.3141089386e-02   7.8446643023e-01   3.8720952724e-01   0.0000000000e+00
  -6.9444444444e-01   2.6982402867e+00  -3.1078922295e-02   3.1063923776e-02   7.8491536912e-01   3.8510057210e-01   0.0000000000e+00
  -6.8888888889e-01   2.6376334614e+00  -1.9583858263e-02   1.9580103914e-02   7.8520642423e-01   3.8773119051e-01   0.0000000000e+00
  -6.8333333333e-01   2.5882290097e+00  -1.0272061977e-02   1.0271520099e-02   7.8534540771e-01   3.9494705485e-01   1.9229626864e-16
  -6.7777777778e-01   2.5482826445e+00  -4.2608726871e-03   4.2608340062e-03   7.8538908603e-01   4.0458555015e-01  -5.7688880592e-16
  -6.7222222222e-01   2.5194513916e+00  -4.1261984728e-05   4.1262109776e-05   7.8539816260e-01   4.1412601740e-01  -3.8459253728e-16
  -6.6666666667e-01   2.5046144824e+00   3.4653559038e-03  -3.4653350956e-03   7.8539215911e-01   4.2134193706e-01   0.0000000000e+00
  -6.6111111111e-01   2.5021678699e+00   5.0132926406e-03  -5.0132296499e-03   7.8538559698e-01   4.2559575826e-01   0.0000000000e+00
  -6.5555555556e-01   2.5106197565e+00   4.0281991833e-03  -4.0281665062e-03   7.8539005022e-01   4.2674734527e-01   1.9229626864e-16
  -6.5000000000e-01   2.5321776789e+00   2.1779805171e-03  -2.1779753556e-03   7.8539579161e-01   4.2540499515e-01  -3.8459253728e-16
  -6.4444444444e-01   2.5670826421e+00   3.8341203109e-04  -3.8341317504e-04   7.8539808990e-01   4.2311577774e-01   0.0000000000e+00
  -6.3888888889e-01   2.6100716570e+00  -2.0022625559e-03   2.0022585494e-03   7.8539615891e-01   4.2097323939e-01  -3.8459253728e-16
  -6.3333333333e-01   2.6443033187e+00  -7.3956727459e-03   7.3954705021e-03   7.8537081591e-01   4.1689837290e-01   1.9229626864e-16
  -6.2777777778e-01   2.6638460719e+00  -1.7427379847e-02   1.7424734017e-02   7.8524632198e-01   4.1135675630e-01  -5.7688880592e-16
  -6.2222222222e-01   2.6775376436e+00  -2.9604453094e-02   2.9591488746e-02   7.8496007956e-01   4.0772693555e-01   1.9229626864e-16
  -6.1666666667e-01   2.6913650666e+00  -4.0685779587e-02   4.0652147484e-02   7.8457095333e-01   4.0676525901e-01   0.0000000000e+00
  -6.1111111111e-01   2.7115286764e+00  -4.9504147418e-02   4.9443600473e-02   7.8417383253e-01   4.0864564742e-01  -1.9229626864e-16
  -6.0555555556e-01   2.7393691543e+00  -5.6700684850e-02   5.6609759693e-02   7.8379239873e-01   4.1250721297e-01   0.0000000000e+00
  -6.0000000000e-01   2.7705705623e+00  -6.2131940047e-02   6.2012361207e-02   7.8347045210e-01   4.1658946799e-01   0.0000000000e+00
  -5.9444444444e-01   2.8019872598e+00  -6.5649643483e-02   6.5508628074e-02   7.8324631300e-01   4.2018115310e-01   0.0000000000e+00
  -5.8888888889e-01   2.8254618822e+00  -6.8180231406e-02   6.8022312152e-02   7.8307748233e-01   4.2274895125e-01   1.9229626864e-16
  -5.8333333333e-01   2.8406255006e+00  -7.0331779988e-02   7.0158472234e-02   7.8292894919e-01   4.2465594153e-01  -1.9229626864e-16
  -5.7777777778e-01   2.8498282909e+00  -7.2531031078e-02   7.2340996397e-02   7.8277238542e-01   4.2660164435e-01   1.9229626864e-16
  -5.7222222222e-01   2.8507853031e+00  -7.4553300049e-02   7.4346968501e-02   7.8262419704e-01   4.2876666739e-01   0.0000000000e+00
  -5.6666666667e-01   2.8425878759e+00  -7.6508819217e-02   7.6285871037e-02   7.8247705336e-01   4.3179572081e-01   0.0000000000e+00
  -5.6111111111e-01   2.8234564670e+00  -7.9193241244e-02   7.8946069680e-02   7.8226890828e-01   4.3571694317e-01  -3.8459253728e-16
  -5.5555555556e-01   2.7890549721e+00  -8.3406349710e-02   8.3117740629e-02   7.8192788423e-01   4.3943831182e-01   1.9229626864e-16
  -5.5000000000e-01   2.7431331405e+00  -8.9165759456e-02   8.8813400045e-02   7.8143337958e-01   4.4279102656e-01   0.0000000000e+00
  -5.4444444444e-01   2.6933586024e+00  -9.5315759243e-02   9.4885708668e-02   7.8086929441e-01   4.4591669049e-01   1.9229626864e-16
  -5.3888888889e-01   2.6422989985e+00  -1.0064104045e-01   1.0013519903e-01   7.8035084331e-01   4.4788350984e-01   0.0000000000e+00
  -5.3333333333e-01   2.5900605675e+00  -1.0465138181e-01   1.0408297558e-01   7.7994206084e-01   4.4773191541e-01  -1.9229626864e-16
  -5.2777777778e-01   2.5377905452e+00  -1.0765741820e-01   1.0703890288e-01   7.7962532917e-01   4.4546212588e-01  -1.9229626864e-16
  -5.2222222222e-01   2.4906395174e+00  -1.0941217666e-01   1.0876310437e-01   7.7943635617e-01   4.4207137970e-01   0.0000000000e+00
  -5.1666666667e-01   2.4502138503e+00  -1.1036929199e-01   1.0970314013e-01   7.7933201524e-01   4.3783775666e-01   0.0000000000e+00
  -5.1111111111e-01   2.4159677225e+00  -1.1092700906e-01   1.1025076929e-01   7.7927080273e-01   4.3325936028e-01   1.9229626864e-16
  -5.0555555556e-01   2.3893621909e+00  -1.1066852961e-01   1.0999697763e-01   7.7929921004e-01   4.2910680021e-01   0.0000000000e+00
  -5.0000000000e-01   2.3711196713e+00  -1.0844438948e-01   1.0781229042e-01   7.7954095082e-01   4.2540259345e-01  -1.9229626864e-16
  -4.9444444444e-01   2.3580028444e+00  -1.0301682500e-01   1.0247450242e-01   7.8011057596e-01   4.2151414627e-01   1.9229626864e-16
  -4.8888888889e-01   2.3471157140e+00  -9.3606255334e-02   9.3198833597e-02   7.8102982324e-01   4.1749680217e-01  -1.9229626864e-16
  -4.8333333333e-01   2.3349573891e+00  -7.9830132704e-02   7.9576968700e-02   7.8221848003e-01   4.1355819601e-01  -5.7688880592e-16
  -4.7777777778e-01   2.3167449473e+00  -6.2311819925e-02   6.2191201501e-02   7.8345928842e-01   4.0949741406e-01   1.9229626864e-16
  -4.7222222222e-01   2.2926098763e+00  -4.2361871348e-02   4.2323913092e-02   7.8450143542e-01   4.0545290432e-01   0.0000000000e+00
  -4.6666666667e-01   2.2661430660e+00  -2.1436550909e-02   2.1431627342e-02   7.8516843572e-01   4.0244765043e-01   0.0000000000e+00
  -4.6111111111e-01   2.2388142224e+00  -1.4256961175e-03   1.4256995023e-03   7.8539714711e-01   4.0084161066e-01  -5.7688880592e-16
  -4.5555555556e-01   2.2104587583e+00   1.6879284183e-02  -1.6876880183e-02   7.8525572189e-01   4.0075620894e-01   0.0000000000e+00
  -4.5000000000e-01   2.1826063747e+00   3.3077688668e-02  -3.3059608011e-02   7.8485129605e-01   4.0277232594e-01   1.9229626864e-16
  -4.4444444444e-01   2.1561332575e+00   4.6475871428e-02  -4.6425759097e-02   7.8431893662e-01   4.0653246192e-01   1.9229626864e-16
  -4.3888888889e-01   2.1308989368e+00   5.7313006086e-02  -5.7219108152e-02   7.8375756764e-01   4.1075600374e-01   0.0000000000e+00
  -4.3333333333e-01   2.1062813853e+00   6.6644174116e-02  -6.6496666882e-02   7.8318071905e-01   4.1437611116e-01   0.0000000000e+00
  -4.2777777778e-01   2.0812849618e+00   7.5016741539e-02  -7.4806549070e-02   7.8258966706e-01   4.1698508945e-01   1.9229626864e-16
  -4.2222222222e-01   2.0540269489e+00   8.2040041141e-02  -8.1765338164e-02   7.8204039730e-01   4.1832451957e-01   1.9229626864e-16
  -4.1666666667e-01   2.0224279028e+00   8.7105748120e-02  -8.6777161955e-02   7.8161400678e-01   4.1812773707e-01   1.9229626864e-16
  -4.1111111111e-01   1.9860358386e+00   8.9487364539e-02  -8.9131193884e-02   7.8140480331e-01   4.1599239713e-01   0.0000000000e+00
  -4.0555555556e-01   1.9445806570e+00   8.8076726969e-02  -8.7737072462e-02   7.8152938938e-01   4.1108510451e-01  -1.9229626864e-16
  -4.0000000000e-01   1.9035861618e+00   8.2673532164e-02  -8.2392438246e-02   7.8198845947e-01   4.0492283329e-01   0.0000000000e+00
  -3.9444444444e-01   1.8662347948e+00   7.4197341064e-02  -7.3993942823e-02   7.8265057450e-01   3.9871304082e-01   0.0000000000e+00
  -3.8888888889e-01   1.8324086812e+00   6.4082949496e-02  -6.3951772641e-02   7.8334765462e-01   3.9295317908e-01   0.0000000000e+00
  -3.8333333333e-01   1.7987902544e+00   5.2547989917e-02  -5.2475590530e-02   7.8401878636e-01   3.8705010599e-01  -3.8459253728e-16
  -3.7777777778e-01   1.7667041944e+00   3.9871736840e-02  -3.9840081794e-02   7.8460370652e-01   3.8153875369e-01  -3.8459253728e-16
  -3.7222222222e-01   1.7360599592e+00   2.5744731646e-02  -2.5736204290e-02   7.8506684095e-01   3.7666474234e-01   0.0000000000e+00
  -3.6666666667e-01   1.7088049385e+00   1.1035552006e-02  -1.1034880106e-02   7.8533727415e-01   3.7320627948e-01   4.8074067160e-16
  -3.6111111111e-01   1.6866224326e+00  -2.9749787896e-03   2.9749656387e-03   7.8539373821e-01   3.7166477886e-01  -3.8459253728e-16
  -3.5555555556e-01   1.6680959517e+00  -1.5883263272e-02   1.5881260177e-02   7.8527203506e-01   3.7180355018e-01   0.0000000000e+00
  -3.5000000000e-01   1.6505249762e+00  -2.7010780672e-02   2.7000932880e-02   7.8503346101e-01   3.7322084713e-01  -1.9229626864e-16
  -3.4444444444e-01   1.6321693056e+00  -3.5433351018e-02   3.5411128516e-02   7.8477066478e-01   3.7558829309e-01   0.0000000000e+00
  -3.3888888889e-01   1.6129524668e+00  -4.0579118045e-02   4.0545749536e-02   7.8457528241e-01   3.7872241880e-01   1.9229626864e-16
  -3.3333333333e-01   1.5931574456e+00  -4.2146788445e-02   4.2109404922e-02   7.8451051289e-01   3.8199525520e-01   0.0000000000e+00
  -3.2777777778e-01   1.5720269065e+00  -4.0591668995e-02   4.0558269541e-02   7.8457477361e-01   3.8405741126e-01  -1.9229626864e-16
  -3.2222222222e-01   1.5498837563e+00  -3.6432808813e-02   3.6408653602e-02   7.8473478204e-01   3.8466637398e-01   0.0000000000e+00
  -3.1666666667e-01   1.5277435752e+00  -3.0571433296e-02   3.0557157245e-02   7.8493100260e-01   3.8416676718e-01   4.8074067160e-16
  -3.1111111111e-01   1.5065852890e+00  -2.3990710123e-02   2.3983809205e-02   7.8511044148e-01   3.8238684964e-01   3.8459253728e-16
  -3.0555555556e-01   1.4871980955e+00  -1.7432850940e-02   1.7430202617e-02   7.8524622668e-01   3.7941754525e-01   0.0000000000e+00
  -3.0000000000e-01   1.4710000006e+00  -1.1476633663e-02   1.1475877939e-02   7.8533230971e-01   3.7576727653e-01   0.0000000000e+00
  -2.9444444444e-01   1.4586635077e+00  -6.4442740578e-03   6.4441402512e-03   7.8537739944e-01   3.7141738462e-01   0.0000000000e+00
  -2.8888888889e-01   1.4496596646e+00  -2.6902019491e-03   2.6901922207e-03   7.8539454486e-01   3.6579418693e-01  -3.8459253728e-16
  -2.8333333333e-01   1.4422156708e+00  -7.7618451757e-04   7.7618671914e-04   7.8539786220e-01   3.5849093194e-01  -3.8459253728e-16
  -2.7777777778e-01   1.4358052685e+00  -1.4663996861e-03   1.4664031117e-03   7.8539708822e-01   3.5038804854e-01   0.0000000000e+00
  -2.7222222222e-01   1.4303377692e+00  -5.4972095488e-03   5.4971264898e-03   7.8538305389e-01   3.4266442570e-01   0.0000000000e+00
  -2.6666666667e-01   1.4255473455e+00  -1.2793769308e-02   1.2792722406e-02   7.8531632759e-01   3.3531157076e-01   0.0000000000e+00
  -2.6111111111e-01   1.4211243647e+00  -2.2928843580e-02   2.2922818810e-02   7.8513534350e-01   3.2843625582e-01   1.9229626864e-16
  -2.5555555556e-01   1.4175338709e+00  -3.5063473830e-02   3.5041939587e-02   7.8478369153e-01   3.2246779783e-01   0.0000000000e+00
  -2.5000000000e-01   1.4156426873e+00  -4.8561596533e-02   4.8504438595e-02   7.8421997462e-01   3.1742789798e-01   0.0000000000e+00
  -2.4444444444e-01   1.4163300901e+00  -6.2805546905e-02   6.2682044185e-02   7.8342848183e-01   3.1327757137e-01   1.9229626864e-16
  -2.3888888889e-01   1.4201079082e+00  -7.6825728341e-02   7.6600009374e-02   7.8245285152e-01   3.1008235370e-01   0.0000000000e+00
  -2.3333333333e-01   1.4266363714e+00  -8.9351662303e-02   8.8997108012e-02   7.8141687356e-01   3.0798900037e-01  -3.8459253728e-16
  -2.2777777778e-01   1.4343985136e+00  -9.9490782812e-02   9.9002011690e-02   7.8046518368e-01   3.0694862983e-01   0.0000000000e+00
  -2.2222222222e-01   1.4403136328e+00  -1.0788141702e-01   1.0725905514e-01   7.7960137384e-01   3.0672771626e-01   0.0000000000e+00
  -2.1666666667e-01   1.4411482821e+00  -1.1624185371e-01   1.1546437484e-01   7.7867225128e-01   3.0703512495e-01   0.0000000000e+00
  -2.1111111111e-01   1.4356320532e+00  -1.2572278831e-01   1.2474079713e-01   7.7753628150e-01   3.0763538987e-01   0.0000000000e+00
  -2.0555555556e-01   1.4250247669e+00  -1.3560073138e-01   1.3437095457e-01   7.7626008797e-01   3.0842643041e-01   0.0000000000e+00
  -2.0000000000e-01   1.4114396810e+00  -1.4421245656e-01   1.4273579793e-01   7.7507070071e-01   3.0960671882e-01   0.0000000000e+00
  -1.9444444444e-01   1.3962866914e+00  -1.5098255480e-01   1.4929049274e-01   7.7408567718e-01   3.1135100017e-01  -3.8459253728e-16
  -1.8888888889e-01   1.3793481174e+00  -1.5653261469e-01   1.5464936204e-01   7.7324547259e-01   3.1399212637e-01  -3.8459253728e-16
  -1.8333333333e-01   1.3606055365e+00  -1.6088014109e-01   1.5883763226e-01   7.7256681053e-01   3.1761954197e-01   1.9229626864e-16
  -1.7777777778e-01   1.3409401208e+00  -1.6278051394e-01   1.6066571490e-01   7.7226451217e-01   3.2136824968e-01   0.0000000000e+00
  -1.7222222222e-01   1.3211620430e+00  -1.6135773843e-01   1.5929721633e-01   7.7249116034e-01   3.2444268676e-01   1.9229626864e-16
  -1.6666666667e-01   1.3014421522e+00  -1.5739309353e-01   1.5547899010e-01   7.7311257728e-01   3.2725112933e-01   0.0000000000e+00
  -1.6111111111e-01   1.2823482550e+00  -1.5208256312e-01   1.5035366931e-01   7.7392148748e-01   3.3075438375e-01   0.0000000000e+00
  -1.5555555556e-01   1.2648968657e+00  -1.4601580525e-01   1.4448364304e-01   7.7481261137e-01   3.3513997256e-01   1.9229626864e-16
  -1.5000000000e-01   1.2490426834e+00  -1.3894859136e-01   1.3762635436e-01   7.7580618476e-01   3.3982590410e-01   0.0000000000e+00
  -1.4444444444e-01   1.2349528364e+00  -1.3057679140e-01   1.2947761985e-01   7.7692095024e-01   3.4475505811e-01   0.0000000000e+00
  -1.3888888889e-01   1.2228040680e+00  -1.2090900625e-01   1.2003478390e-01   7.7812396265e-01   3.5052511137e-01   1.9229626864e-16
  -1.3333333333e-01   1.2125737347e+00  -1.1036111636e-01   1.0969511165e-01   7.7933291024e-01   3.5729564569e-01   0.0000000000e+00
  -1.2777777778e-01   1.2042685464e+00  -9.8790121880e-02   9.8311548492e-02   7.8053419665e-01   3.6459479293e-01   0.0000000000e+00
  -1.2222222222e-01   1.1975201402e+00  -8.6179665097e-02   8.5861410211e-02   7.8169384631e-01   3.7204555925e-01   0.0000000000e+00
  -1.1666666667e-01   1.1911874701e+00  -7.3206569570e-02   7.3011192396e-02   7.8272333314e-01   3.7915911126e-01   0.0000000000e+00
  -1.1111111111e-01   1.1832645751e+00  -6.1623088362e-02   6.1506418019e-02   7.8350185856e-01   3.8564113777e-01  -3.8459253728e-16
  -1.0555555556e-01   1.1725902538e+00  -5.2123718509e-02   5.2053056308e-02   7.8404095054e-01   3.9123200102e-01   0.0000000000e+00
  -1.0000000000e-01   1.1587002578e+00  -4.4386445700e-02   4.4342786594e-02   7.8441373128e-01   3.9558749134e-01   1.9229626864e-16
  -9.4444444444e-02   1.1419696964e+00  -3.7580211570e-02   3.7553703210e-02   7.8469235935e-01   3.9897936792e-01  -3.8459253728e-16
  -8.8888888889e-02   1.1231864582e+00  -3.1918396821e-02   3.1902150445e-02   7.8488894432e-01   4.0204550727e-01   0.0000000000e+00
  -8.3333333333e-02   1.1023058512e+00  -2.8092452986e-02   2.8081374586e-02   7.8500367427e-01   4.0482025127e-01  -3.8459253728e-16
  -7.7777777778e-02   1.0797693883e+00  -2.6152748464e-02   2.6143809353e-02   7.8505625826e-01   4.0685821931e-01   0.0000000000e+00
  -7.2222222222e-02   1.0559041457e+00  -2.6523919945e-02   2.6514594941e-02   7.8504648671e-01   4.0803537026e-01   0.0000000000e+00
  -6.6666666667e-02   1.0325075723e+00  -2.9321365106e-02   2.9308768964e-02   7.8496841537e-01   4.0862460517e-01   0.0000000000e+00
  -6.1111111111e-02   1.0112263625e+00  -3.4323532057e-02   3.4303331780e-02   7.8480934212e-01   4.0906288394e-01   1.9229626864e-16
  -5.5555555556e-02   9.9280799631e-01  -4.0271990555e-02   4.0239373383e-02   7.8458768476e-01   4.0913034871e-01   0.0000000000e+00
  -5.0000000000e-02   9.7734262614e-01  -4.5704344758e-02   4.5656684371e-02   7.8435444614e-01   4.0850090891e-01   0.0000000000e+00
  -4.4444444444e-02   9.6421612339e-01  -4.9448025823e-02   4.9387684315e-02   7.8417660470e-01   4.0692194079e-01   1.9229626864e-16
  -3.8888888889e-02   9.5296920535e-01  -5.0924220480e-02   5.0858319131e-02   7.8410264432e-01   4.0431662782e-01   0.0000000000e+00
  -3.3333333333e-02   9.4368695013e-01  -5.0409320000e-02   5.0345395019e-02   7.8412868810e-01   4.0081043470e-01  -1.9229626864e-16
  -2.7777777778e-02   9.3691858748e-01  -4.8131946588e-02   4.8076290672e-02   7.8424071447e-01   3.9641660063e-01   0.0000000000e+00
  -2.2222222222e-02   9.3307769044e-01  -4.3812535584e-02   4.3770546600e-02   7.8443900762e-01   3.9094641171e-01   0.0000000000e+00
  -1.6666666667e-02   9.3153007457e-01  -3.6742319706e-02   3.6717544047e-02   7.8472346788e-01   3.8412040020e-01  -1.9229626864e-16
  -1.1111111111e-02   9.2998584321e-01  -2.6776205248e-02   2.6766611713e-02   7.8503976644e-01   3.7579942650e-01   0.0000000000e+00
  -5.5555555556e-03   9.2646243032e-01  -1.4922392523e-02   1.4920731380e-02   7.8528683276e-01   3.6646561006e-01   1.9229626864e-16
   0.0000000000e+00   9.2114911336e-01  -1.8664688387e-03   1.8664655851e-03   7.8539642153e-01   3.5691192150e-01  -3.8459253728e-16
   5.5555555556e-03   9.1545111532e-01   1.2846697701e-02  -1.2845637753e-02   7.8531564920e-01   3.4740035949e-01  -1.9229626864e-16
   1.1111111111e-02   9.1020048454e-01   2.9540594244e-02  -2.9527713571e-02   7.8496196692e-01   3.3792868698e-01   0.0000000000e+00
   1.6666666667e-02   9.0602070452e-01   4.7723016258e-02  -4.7668765280e-02   7.8426028356e-01   3.2911922070e-01   0.0000000000e+00
   2.2222222222e-02   9.0337324091e-01   6.6419544809e-02  -6.6273522678e-02   7.8319562005e-01   3.2172752632e-01   1.9229626864e-16
   2.7777777778e-02   9.0254326112e-01   8.4846628302e-02  -8.4542867184e-02   7.8180728656e-01   3.1633232489e-01   0.0000000000e+00
   3.3333333333e-02   9.0323987274e-01   1.0212598592e-01  -1.0159754732e-01   7.8020131600e-01   3.1312184257e-01  -1.9229626864e-16
   3.8888888889e-02   9.0517867126e-01   1.1759232449e-01  -1.1678761970e-01   7.7851577872e-01   3.1205873228e-01   0.0000000000e+00
   4.4444444444e-02   9.0811865309e-01   1.3077920103e-01  -1.2967495301e-01   7.7689479606e-01   3.1276727596e-01  -3.8459253728e-16
   5.0000000000e-02   9.1186442965e-01   1.4170810720e-01  -1.4030631380e-01   7.7542393747e-01   3.1490004441e-01  -7.6918507455e-16
   5.5555555556e-02   9.1585501565e-01   1.5040601990e-01  -1.4873305488e-01   7.7417127014e-01   3.1796957111e-01   0.0000000000e+00
   6.1111111111e-02   9.2000777549e-01   1.5664090136e-01  -1.5475378434e-01   7.7322878722e-01   3.2130465531e-01  -3.8459253728e-16
   6.6666666667e-02   9.2433871027e-01   1.6037079060e-01  -1.5834737881e-01   7.7264725144e-01   3.2448305952e-01   0.0000000000e+00
   7.2222222222e-02   9.2887873409e-01   1.6194161084e-01  -1.5985892641e-01   7.7239838207e-01   3.2758852118e-01  -1.9229626864e-16
   7.7777777778e-02   9.3379623215e-01   1.6174469369e-01  -1.5966950108e-01   7.7242970862e-01   3.3090729248e-01   0.0000000000e+00
   8.3333333333e-02   9.3917458137e-01   1.6065658242e-01  -1.5862246990e-01   7.7260214725e-01   3.3476685702e-01   1.9229626864e-16
   8.8888888889e-02   9.4537643556e-01   1.5954536046e-01  -1.5755264781e-01   7.7277708679e-01   3.3922725959e-01   0.0000000000e+00
   9.4444444444e-02   9.5291307714e-01   1.5884492504e-01  -1.5687802245e-01   7.7288675293e-01   3.4405877125e-01   3.8459253728e-16
   1.0000000000e-01   9.6221960583e-01   1.5882679619e-01  -1.5686055870e-01   7.7288958520e-01   3.4901336924e-01   0.0000000000e+00
   1.0555555556e-01   9.7346031135e-01   1.5992255439e-01  -1.5791585136e-01   7.7271783681e-01   3.5388354452e-01   0.0000000000e+00
   1.1111111111e-01   9.8624140099e-01   1.6281107575e-01  -1.6069510066e-01   7.7225962263e-01   3.5855277448e-01   1.9229626864e-16
   1.1666666667e-01   1.0001861736e+00   1.6817319048e-01  -1.6584419995e-01   7.7138803145e-01   3.6304421944e-01   0.0000000000e+00
   1.2222222222e-01   1.0153215099e+00   1.7587635303e-01  -1.7321756578e-01   7.7008833901e-01   3.6747064248e-01   0.0000000000e+00
   1.2777777778e-01   1.0317874752e+00   1.8526785592e-01  -1.8216762004e-01   7.6842827818e-01   3.7190330165e-01   1.9229626864e-16
   1.3333333333e-01   1.0492946043e+00   1.9547420293e-01  -1.9184304328e-01   7.6653070388e-01   3.7604385658e-01  -1.9229626864e-16
   1.3888888889e-01   1.0672868253e+00   2.0586231358e-01  -2.0163361433e-01   7.6450008106e-01   3.7964864368e-01  -3.8459253728e-16
   1.4444444444e-01   1.0853540767e+00   2.1593702594e-01  -2.1107141274e-01   7.6243582186e-01   3.8248982261e-01   1.9229626864e-16
   1.5000000000e-01   1.1030923483e+00   2.2550398222e-01  -2.1997923048e-01   7.6038979136e-01   3.8438171985e-01   1.9229626864e-16
   1.5555555556e-01   1.1205186222e+00   2.3446605233e-01  -2.2827419956e-01   7.5839789663e-01   3.8531131449e-01  -3.8459253728e-16
   1.6111111111e-01   1.1374720900e+00   2.4217471800e-01  -2.3536952911e-01   7.5662680336e-01   3.8492199479e-01  -3.8459253728e-16
   1.6666666667e-01   1.1540970634e+00   2.4763548549e-01  -2.4037317661e-01   7.5534005134e-01   3.8254976391e-01  -5.7688880592e-16
   1.7222222222e-01   1.1707107011e+00   2.4968309884e-01  -2.4224447169e-01   7.5485072515e-01   3.7748924037e-01   0.0000000000e+00
   1.7777777778e-01   1.1878586447e+00   2.4697791329e-01  -2.3977165652e-01   7.5549640426e-01   3.6922315153e-01   4.8074067160e-16
   1.8333333333e-01   1.2064147241e+00   2.3884326413e-01  -2.3230768999e-01   7.5739874728e-01   3.5784062559e-01   0.0000000000e+00
   1.8888888889e-01   1.2263628823e+00   2.2481839490e-01  -2.1934267863e-01   7.6053918002e-01   3.4339654401e-01   0.0000000000e+00
   1.9444444444e-01   1.2472114898e+00   2.0442176461e-01  -2.0027946314e-01   7.6478762452e-01   3.2672593478e-01  -3.8459253728e-16
   2.0000000000e-01   1.2695272645e+00   1.7757636586e-01  -1.7484092417e-01   7.6979397806e-01   3.0962158647e-01  -3.8459253728e-16
   2.0555555556e-01   1.2940768487e+00   1.4537228886e-01  -1.4386008718e-01   7.7490506734e-01   2.9462516875e-01  -3.8459253728e-16
   2.1111111111e-01   1.3196455419e+00   1.1087496026e-01  -1.1019967599e-01   7.7927652818e-01   2.8399714673e-01  -3.8459253728e-16
   2.1666666667e-01   1.3449278153e+00   7.6218428289e-02  -7.5998004652e-02   7.8249914296e-01   2.7807575650e-01   3.8459253728e-16
   2.2222222222e-01   1.3689166868e+00   4.2634638094e-02  -4.2595942524e-02   7.8448985727e-01   2.7616514392e-01   0.0000000000e+00
   2.2777777778e-01   1.3899066215e+00   1.1942096923e-02  -1.1941245476e-02   7.8532685999e-01   2.7735330809e-01  -1.9229626864e-16
   2.3333333333e-01   1.4071494672e+00  -1.4391829015e-02   1.4390338817e-02   7.8529460815e-01   2.8081351316e-01   0.0000000000e+00
   2.3888888889e-01   1.4211863165e+00  -3.5060841131e-02   3.5039311731e-02   7.8478378382e-01   2.8598032831e-01   0.0000000000e+00
   2.4444444444e-01   1.4319185351e+00  -4.8807128113e-02   4.8749099830e-02   7.8420803986e-01   2.9227452503e-01  -1.9229626864e-16
   2.5000000000e-01   1.4402074136e+00  -5.6095666377e-02   5.6007616355e-02   7.8382644853e-01   2.9904075778e-01  -1.9229626864e-16
   2.5555555556e-01   1.4490814238e+00  -5.8494012862e-02   5.8394199996e-02   7.8368933561e-01   3.0588233223e-01   1.9229626864e-16
   2.6111111111e-01   1.4608269074e+00  -5.7301638747e-02   5.7207796537e-02   7.8375821765e-01   3.1270145972e-01  -3.8459253728e-16
   2.6666666667e-01   1.4764992104e+00  -5.3644160451e-02   5.3567141742e-02   7.8396069315e-01   3.1977280290e-01   0.0000000000e+00
   2.7222222222e-01   1.4959383809e+00  -4.7393768724e-02   4.7340631626e-02   7.8427591842e-01   3.2741658442e-01  -3.8459253728e-16
   2.7777777778e-01   1.5186378628e+00  -3.7216295326e-02   3.7190549099e-02   7.8470595653e-01   3.3565234127e-01   0.0000000000e+00
   2.8333333333e-01   1.5438085789e+00  -2.3534579436e-02   2.3528064591e-02   7.8512127636e-01   3.4441933830e-01   1.9229626864e-16
   2.8888888889e-01   1.5699565873e+00  -8.6012922761e-03   8.6009741287e-03   7.8536117323e-01   3.5351611528e-01  -3.8459253728e-16
   2.9444444444e-01   1.5968269935e+00   5.4245003035e-03  -5.4244205076e-03   7.8538345094e-01   3.6270020697e-01   0.0000000000e+00
   3.0000000000e-01   1.6239962548e+00   1.7253823410e-02  -1.7251255828e-02   7.8524933094e-01   3.7156517595e-01  -1.9229626864e-16
   3.0555555556e-01   1.6502145548e+00   2.7219707478e-02  -2.7209629481e-02   7.8502779869e-01   3.7955352874e-01   0.0000000000e+00
   3.1111111111e-01   1.6742929614e+00   3.6085766036e-02  -3.6062294103e-02   7.8474735455e-01   3.8631020437e-01   0.0000000000e+00
   3.1666666667e-01   1.6954263187e+00   4.4030013875e-02  -4.3987397113e-02   7.8442946796e-01   3.9170132867e-01   1.9229626864e-16
   3.2222222222e-01   1.7150666892e+00   5.1346757890e-02  -5.1279204649e-02   7.8408107522e-01   3.9617527383e-01   1.9229626864e-16
   3.2777777778e-01   1.7361245540e+00   5.8363146291e-02  -5.8264000761e-02   7.8369696461e-01   4.0029811842e-01   0.0000000000e+00
   3.3333333333e-01   1.7590384424e+00   6.4972200452e-02  -6.4835498345e-02   7.8329043211e-01   4.0394298217e-01  -3.8459253728e-16
   3.3888888889e-01   1.7820945840e+00   7.1070391641e-02  -7.0891580154e-02   7.8287690164e-01   4.0698548470e-01   0.0000000000e+00
   3.4444444444e-01   1.8019694650e+00   7.6676421903e-02  -7.6452009620e-02   7.8246426617e-01   4.0941151000e-01   1.9229626864e-16
   3.5000000000e-01   1.8171767237e+00   8.1397344481e-02  -8.1129026119e-02   7.8209268539e-01   4.1140376668e-01   1.9229626864e-16
   3.5555555556e-01   1.8281782510e+00   8.5138165229e-02  -8.4831269281e-02   7.8178262671e-01   4.1321192584e-01   0.0000000000e+00
   3.6111111111e-01   1.8351897470e+00   8.7743598213e-02  -8.7407768518e-02   7.8155852505e-01   4.1491080496e-01   0.0000000000e+00
   3.6666666667e-01   1.8376949621e+00   8.8698113771e-02  -8.8351247914e-02   7.8147475061e-01   4.1644956361e-01   0.0000000000e+00
   3.7222222222e-01   1.8358159132e+00   8.7040963367e-02  -8.6713107078e-02   7.8161961950e-01   4.1771771019e-01   0.0000000000e+00
   3.7777777778e-01   1.8308278008e+00   8.2370030728e-02  -8.2092010828e-02   7.8201339202e-01   4.1872205473e-01   0.0000000000e+00
   3.8333333333e-01   1.8253961719e+00   7.4441340137e-02  -7.4235934194e-02   7.8263250712e-01   4.1946135163e-01   3.8459253728e-16
   3.8888888889e-01   1.8185219695e+00   6.3219595159e-02  -6.3093638692e-02   7.8340246041e-01   4.2031666464e-01   0.0000000000e+00
   3.9444444444e-01   1.8076988954e+00   4.9153433124e-02  -4.9094162394e-02   7.8419110481e-01   4.2167793189e-01  -3.8459253728e-16
   4.0000000000e-01   1.7945750641e+00   3.3793412051e-02  -3.3774132839e-02   7.8482738331e-01   4.2345645451e-01   1.9229626864e-16
   4.0555555556e-01   1.7821216647e+00   1.8944222777e-02  -1.8940824347e-02   7.8521874315e-01   4.2497570601e-01   0.0000000000e+00
   4.1111111111e-01   1.7718947055e+00   5.2856238495e-03  -5.2855500160e-03   7.8538419466e-01   4.2535987119e-01  -3.8459253728e-16
   4.1666666667e-01   1.7660663111e+00  -6.5264170580e-03   6.5262780693e-03   7.8537686668e-01   4.2423922045e-01  -1.9229626864e-16
   4.2222222222e-01   1.7679200359e+00  -1.5945375018e-02   1.5943348332e-02   7.8527104672e-01   4.2185059872e-01   0.0000000000e+00
   4.2777777778e-01   1.7785041187e+00  -2.4122323868e-02   2.4115308783e-02   7.8510727663e-01   4.1910954039e-01   0.0000000000e+00
   4.3333333333e-01   1.7983958869e+00  -3.1768205663e-02   3.1752187437e-02   7.8489372361e-01   4.1668133247e-01   0.0000000000e+00
   4.3888888889e-01   1.8290841634e+00  -3.8187448820e-02   3.8159635544e-02   7.8466937688e-01   4.1462562624e-01   0.0000000000e+00
   4.4444444444e-01   1.8680240029e+00  -4.3040795888e-02   4.3000984911e-02   7.8447247965e-01   4.1296607417e-01  -1.9229626864e-16
   4.5000000000e-01   1.9124582334e+00  -4.5726469608e-02   4.5678740046e-02   7.8435343613e-01   4.1174176447e-01   0.0000000000e+00
   4.5555555556e-01   1.9604522684e+00  -4.5248506414e-02   4.5202256459e-02   7.8437514748e-01   4.1119972956e-01   0.0000000000e+00
   4.6111111111e-01   2.0095654909e+00  -4.1335889269e-02   4.1300620474e-02   7.8454432157e-01   4.1196813548e-01   1.9229626864e-16
   4.6666666667e-01   2.0581489200e+00  -3.5335678338e-02   3.5313638989e-02   7.8477411802e-01   4.1406186984e-01   0.0000000000e+00
   4.7222222222e-01   2.1050773390e+00  -2.8428544961e-02   2.8417064330e-02   7.8499418119e-01   4.1670370272e-01  -3.8459253728e-16
   4.7777777778e-01   2.1464826168e+00  -2.1732671456e-02   2.1727541065e-02   7.8516204608e-01   4.1993150928e-01  -3.8459253728e-16
   4.8333333333e-01   2.1710309710e+00  -1.7661363332e-02   1.7658609511e-02   7.8524221774e-01   4.2368502284e-01  -1.9229626864e-16
   4.8888888889e-01   2.1784937258e+00  -1.4798673865e-02   1.4797053688e-02   7.8528867106e-01   4.2754568715e-01  -5.7688880592e-16
   4.9444444444e-01   2.1722641040e+00  -1.2983483982e-02   1.2982389818e-02   7.8531388272e-01   4.3089463806e-01  -3.8459253728e-16
   5.0000000000e-01   2.1584238311e+00  -1.2258700250e-02   1.2257779275e-02   7.8532302940e-01   4.3350065908e-01   0.0000000000e+00
   5.0555555556e-01   2.1412527142e+00  -1.1576673069e-02   1.1575897410e-02   7.8533115671e-01   4.3433444576e-01   0.0000000000e+00
   5.1111111111e-01   2.1242784813e+00  -1.0584104710e-02   1.0583511935e-02   7.8534215393e-01   4.3171292097e-01   0.0000000000e+00
   5.1666666667e-01   2.1141977540e+00  -8.4353289986e-03   8.4350289144e-03   7.8536258686e-01   4.2509952934e-01   1.9229626864e-16
   5.2222222222e-01   2.1144275067e+00  -5.1156071149e-03   5.1155401815e-03   7.8538507876e-01   4.1566542503e-01   0.0000000000e+00
   5.2777777778e-01   2.1262950031e+00  -9.4157800447e-04   9.4158058870e-04   7.8539772010e-01   4.0611543213e-01   0.0000000000e+00
   5.3333333333e-01   2.1462339829e+00   3.9655823321e-03  -3.9655511522e-03   7.8539030060e-01   3.9777159640e-01   0.0000000000e+00
   5.3888888889e-01   2.1708531881e+00   9.2667128549e-03  -9.2663150148e-03   7.8535522862e-01   3.9180982378e-01  -1.9229626864e-16
   5.4444444444e-01   2.2026328003e+00   1.4797355649e-02  -1.4795735907e-02   7.8528869053e-01   3.8939563842e-01   1.9229626864e-16
   5.5000000000e-01   2.2457976812e+00   2.0683243021e-02  -2.0678820382e-02   7.8518429571e-01   3.9022865520e-01   0.0000000000e+00
   5.5555555556e-01   2.3006025808e+00   2.6710550803e-02  -2.6701027641e-02   7.8504152149e-01   3.9335807613e-01  -1.9229626864e-16
   5.6111111111e-01   2.3631397692e+00   3.1860187128e-02  -3.1844029432e-02   7.8489079925e-01   3.9822484586e-01   3.8459253728e-16
   5.6666666667e-01   2.4282598740e+00   3.5946271414e-02  -3.5923070459e-02   7.8475237426e-01   4.0410142063e-01   1.9229626864e-16
   5.7222222222e-01   2.4918465830e+00   4.0612340423e-02  -4.0578889963e-02   7.8457393525e-01   4.0958446703e-01  -3.8459253728e-16
   5.7777777778e-01   2.5546372669e+00   4.7696504982e-02  -4.7642344283e-02   7.8426154642e-01   4.1477957689e-01  -3.8459253728e-16
   5.8333333333e-01   2.6153435401e+00   5.8179612749e-02  -5.8081398064e-02   7.8370763522e-01   4.2029701653e-01   0.0000000000e+00
   5.8888888889e-01   2.6749264371e+00   7.2176216221e-02  -7.1988949630e-02   7.8279796839e-01   4.2695241253e-01   0.0000000000e+00
   5.9444444444e-01   2.7342872233e+00   8.8046725128e-02  -8.7707416270e-02   7.8153201776e-01   4.3560183674e-01   0.0000000000e+00
   6.0000000000e-01   2.7894531674e+00   1.0301076283e-01  -1.0246853549e-01   7.8011119605e-01   4.4440676938e-01   1.9229626864e-16
   6.0555555556e-01   2.8437785120e+00   1.1518495742e-01  -1.1442835657e-01   7.7879347039e-01   4.5265036689e-01   0.0000000000e+00
   6.1111111111e-01   2.8965626669e+00   1.2367643299e-01  -1.2274126446e-01   7.7778885411e-01   4.5873377182e-01   0.0000000000e+00
   6.1666666667e-01   2.9447494963e+00   1.2861001709e-01  -1.2755937465e-01   7.7717302205e-01   4.6216481894e-01   0.0000000000e+00
   6.2222222222e-01   2.9805971265e+00   1.3075928654e-01  -1.2965553866e-01   7.7689737098e-01   4.6209103770e-01   1.9229626864e-16
   6.2777777778e-01   3.0004918349e+00   1.3056368345e-01  -1.2946484011e-01   7.7692264256e-01   4.5813029928e-01   0.0000000000e+00
   6.3333333333e-01   3.0068762798e+00   1.2784206882e-01  -1.2680998509e-01   7.7727043018e-01   4.5039595771e-01   0.0000000000e+00
   6.3888888889e-01   3.0042481138e+00   1.2235667207e-01  -1.2145090601e-01   7.7794959178e-01   4.4004819543e-01  -3.8459253728e-16
   6.4444444444e-01   3.0037508916e+00   1.1306117208e-01  -1.1234539852e-01   7.7903376428e-01   4.2988754293e-01   0.0000000000e+00
   6.5000000000e-01   3.0061465024e+00   9.9586104354e-02  -9.9095926902e-02   7.8045575761e-01   4.2041832896e-01   1.9229626864e-16
   6.5555555556e-01   3.0081009020e+00   8.2300267689e-02  -8.2022951237e-02   7.8201911015e-01   4.1143680980e-01   0.0000000000e+00
   6.6111111111e-01   3.0074416293e+00   6.0617012392e-02  -6.0505953442e-02   7.8356319733e-01   4.0249488554e-01   1.9229626864e-16
   6.6666666667e-01   3.0038301151e+00   3.4674829624e-02  -3.4654003111e-02   7.8479723231e-01   3.9422118397e-01   4.8074067160e-16
   6.7222222222e-01   3.0039102951e+00   6.2335756214e-03  -6.2334545153e-03   7.8537873489e-01   3.8993600258e-01   0.0000000000e+00
   6.7777777778e-01   3.0086238349e+00  -2.2577926243e-02   2.2572173816e-02   7.8514332535e-01   3.9185825206e-01   3.8459253728e-16
   6.8333333333e-01   3.0082913657e+00  -5.0013521552e-02   4.9951088678e-02   7.8414852838e-01   3.9776130483e-01   1.9229626864e-16
   6.8888888889e-01   3.0029823866e+00  -7.4176690056e-02   7.3973461144e-02   7.8265210095e-01   4.0474460700e-01   0.0000000000e+00
   6.9444444444e-01   3.0043626976e+00  -9.2464774042e-02   9.2072014239e-02   7.8113541366e-01   4.1209319677e-01   0.0000000000e+00
   7.0000000000e-01   3.0225920232e+00  -1.0191100386e-01   1.0138587073e-01   7.8022309751e-01   4.1844108167e-01   0.0000000000e+00
   7.0555555556e-01   3.0568686391e+00  -1.0143950409e-01   1.0092158918e-01   7.8027071014e-01   4.2190779135e-01   0.0000000000e+00
   7.1111111111e-01   3.1039900750e+00  -9.2337239205e-02   9.1946095483e-02   7.8114713147e-01   4.2275721017e-01   0.0000000000e+00
   7.1666666667e-01   3.1620728837e+00  -7.7435586293e-02   7.7204462286e-02   7.8240599828e-01   4.2303614765e-01   0.0000000000e+00
   7.2222222222e-01   3.2197622156e+00  -6.1109877150e-02   6.0996092234e-02   7.8353327369e-01   4.2318770807e-01   0.0000000000e+00
   7.2777777778e-01   3.2628996394e+00  -4.5798676160e-02   4.5750720369e-02   7.8435013638e-01   4.2166803066e-01   0.0000000000e+00
   7.3333333333e-01   3.2851096938e+00  -3.0805577497e-02   3.0790971070e-02   7.8492382161e-01   4.1744013448e-01   0.0000000000e+00
   7.3888888889e-01   3.2907222566e+00  -1.5993128317e-02   1.5991083373e-02   7.8527028428e-01   4.1157922602e-01   1.9229626864e-16
   7.4444444444e-01   3.2940648328e+00  -1.8520455296e-03   1.8520423740e-03   7.8539644833e-01   4.0699546277e-01   0.0000000000e+00
   7.5000000000e-01   3.3047564743e+00   1.1045830941e-02  -1.1045157159e-02   7.8533716076e-01   4.0386535776e-01   0.0000000000e+00
   7.5555555556e-01   3.3188924449e+00   2.1991617735e-02  -2.1986301806e-02   7.8515638679e-01   3.9978248562e-01  -3.8459253728e-16
   7.6111111111e-01   3.3376137220e+00   2.9665345606e-02  -2.9652301128e-02   7.8495827610e-01   3.9445949160e-01  -3.8459253728e-16
   7.6666666667e-01   3.3646365864e+00   3.3314884045e-02  -3.3296411849e-02   7.8484342784e-01   3.8912946463e-01   1.9229626864e-16
   7.7222222222e-01   3.4008449034e+00   3.3391719996e-02  -3.3373119764e-02   7.8484086704e-01   3.8480855096e-01   0.0000000000e+00
   7.7777777778e-01   3.4360236619e+00   3.0591555709e-02  -3.0577251462e-02   7.8493038773e-01   3.8080905546e-01   1.9229626864e-16
   7.8333333333e-01   3.4583098156e+00   2.5396722834e-02  -2.5388536527e-02   7.8507573601e-01   3.7613288408e-01   1.9229626864e-16
   7.8888888889e-01   3.4730714826e+00   1.8873575126e-02  -1.8870214566e-02   7.8522007868e-01   3.7197648808e-01  -1.9229626864e-16
   7.9444444444e-01   3.4938819278e+00   1.2926480220e-02  -1.2925400404e-02   7.8531462112e-01   3.6995872143e-01   0.0000000000e+00
   8.0000000000e-01   3.5192563497e+00   9.6892030418e-03  -9.6887482657e-03   7.8535122460e-01   3.6928121081e-01   0.0000000000e+00
   8.0555555556e-01   3.5399322560e+00   1.0881807219e-02  -1.0881163011e-02   7.8533895888e-01   3.6773607262e-01   0.0000000000e+00
   8.1111111111e-01   3.5542185938e+00   1.6526663972e-02  -1.6524407493e-02   7.8526161049e-01   3.6391977577e-01   1.9229626864e-16
   8.1666666667e-01   3.5697477771e+00   2.5220320325e-02  -2.5212303366e-02   7.8508019851e-01   3.5867822875e-01   0.0000000000e+00
   8.2222222222e-01   3.5912686763e+00   3.4606219568e-02  -3.4585516360e-02   7.8479960707e-01   3.5415323937e-01   1.9229626864e-16
   8.2777777778e-01   3.6096846011e+00   4.2354065853e-02  -4.2316128550e-02   7.8450176565e-01   3.5074163487e-01   1.9229626864e-16
   8.3333333333e-01   3.6294483546e+00   4.6074132991e-02  -4.6025307607e-02   7.8433750064e-01   3.4913766927e-01   1.9229626864e-16
   8.3888888889e-01   3.6617527152e+00   4.4554134375e-02  -4.4509979061e-02   7.8440628392e-01   3.5045433857e-01   0.0000000000e+00
   8.4444444444e-01   3.7064451622e+00   3.9252170218e-02  -3.9221966910e-02   7.8462819224e-01   3.5388621687e-01  -3.8459253728e-16
   8.5000000000e-01   3.7704025276e+00   3.2148802974e-02  -3.2132202405e-02   7.8488156854e-01   3.5935662106e-01  -3.8459253728e-16
   8.5555555556e-01   3.8511491935e+00   2.6257468521e-02  -2.6248421636e-02   7.8505351528e-01   3.6579673716e-01   1.9229626864e-16
   8.6111111111e-01   3.9305263935e+00   2.4266612037e-02  -2.4259470352e-02   7.8510378700e-01   3.6999915275e-01   0.0000000000e+00
   8.6666666667e-01   3.9884132158e+00   2.7211411946e-02  -2.7201343158e-02   7.8502802435e-01   3.6890633589e-01   1.9229626864e-16
   8.7222222222e-01   4.0173946000e+00   3.3846171598e-02  -3.3826801994e-02   7.8482560029e-01   3.6217282475e-01   0.0000000000e+00
   8.7777777778e-01   4.0222988803e+00   4.2883853859e-02  -4.2844476385e-02   7.8447921398e-01   3.5139553637e-01  -3.8459253728e-16
   8.8333333333e-01   4.0095580859e+00   5.2090377306e-02  -5.2019850417e-02   7.8404268469e-01   3.3811127396e-01   0.0000000000e+00
   8.8888888889e-01   3.9895678821e+00   5.9665973232e-02  -5.9560050916e-02   7.8362025677e-01   3.2338458719e-01   1.9229626864e-16
   8.9444444444e-01   3.9707818244e+00   6.5240732515e-02  -6.5102331952e-02   7.8327299816e-01   3.0809278388e-01   0.0000000000e+00
   9.0000000000e-01   3.9558380816e+00   6.9078180359e-02  -6.8913956242e-02   7.8301604951e-01   2.9325268909e-01   3.8459253728e-16
   9.0555555556e-01   3.9627663583e+00   7.1161179530e-02  -7.0981685904e-02   7.8287046689e-01   2.8310944352e-01   0.0000000000e+00
   9.1111111111e-01   4.0072868909e+00   7.0252479299e-02  -7.0079757865e-02   7.8293450506e-01   2.8207097023e-01   1.9229626864e-16
   9.1666666667e-01   4.0815565605e+00   6.6675531978e-02  -6.6527818713e-02   7.8317863484e-01   2.9164257798e-01   0.0000000000e+00
   9.2222222222e-01   4.1635926100e+00   6.1978896404e-02  -6.1860197281e-02   7.8347992502e-01   3.1098865439e-01  -3.8459253728e-16
   9.2777777778e-01   4.2375568886e+00   5.6856875252e-02  -5.6765197809e-02   7.8378354949e-01   3.3930434514e-01   0.0000000000e+00
   9.3333333333e-01   4.2909726872e+00   5.0890107378e-02  -5.0824338200e-02   7.8410437789e-01   3.7527423856e-01   1.9229626864e-16
   9.3888888889e-01   4.3037266336e+00   4.4350630300e-02  -4.4307076695e-02   7.8441531825e-01   4.1610263540e-01   1.9229626864e-16
   9.4444444444e-01   4.2499679760e+00   3.7875066421e-02  -3.7847929654e-02   7.8468124580e-01   4.5909796485e-01  -3.8459253728e-16
   9.5000000000e-01   4.1015909492e+00   3.2282536061e-02  -3.2265727580e-02   7.8487726326e-01   5.0215144699e-01   0.0000000000e+00
   9.5555555556e-01   3.8342951590e+00   2.7342095894e-02  -2.7331881401e-02   7.8502446144e-01   5.4357102506e-01  -1.9229626864e-16
   9.6111111111e-01   3.4353222620e+00   2.3046632844e-02  -2.3040514775e-02   7.8513263676e-01   5.8180650251e-01  -5.7688880592e-16
   9.6666666667e-01   2.9104837902e+00   1.9581313212e-02  -1.9577560325e-02   7.8520647397e-01   6.1605437467e-01   0.0000000000e+00
   9.7222222222e-01   2.2880525529e+00   1.6984967628e-02  -1.6982518197e-02   7.8525393277e-01   6.4515752436e-01   0.0000000000e+00
   9.7777777778e-01   1.6183847282e+00   1.5427292577e-02  -1.5425457067e-02   7.8527917217e-01   6.6804722063e-01   0.0000000000e+00
   9.8333333333e-01   9.7657147220e-01   1.4919660072e-02  -1.4917999837e-02   7.8528687354e-01   6.8380611115e-01   0.0000000000e+00
   9.8888888889e-01   4.5189366628e-01   1.4998885607e-02  -1.4997198789e-02   7.8528568865e-01   6.9251828606e-01   1.9229626864e-16
   9.9444444444e-01   1.1473457417e-01   1.5105753299e-02  -1.5104030174e-02   7.8528408027e-01   6.9566198228e-01   0.0000000000e+00
   1.0000000000e+00   1.8987354773e-05   1.7596997766e-02  -1.7594274683e-02   7.8524335219e-01   8.8576108009e-01   0.0000000000e+00