# time = 200
# Grid points = 561
# Pressure (Pa) = 101325
#             1_pos             2_posf             3_uvel             4_vvel             5_wvel
  -9.9768382884e-01  -1.0000000000e+00   5.0497806464e-01  -7.8431751428e-02  -7.8431751428e-02
  -9.9385915018e-01  -9.9536765768e-01   1.3023092990e+00  -2.0260420409e-01  -2.0260420409e-01
  -9.9085244135e-01  -9.9235064268e-01   1.9312257494e+00  -3.0041919591e-01  -3.0041919591e-01
  -9.8780117047e-01  -9.8935424002e-01   2.5650475155e+00  -3.9859792046e-01  -3.9859792046e-01
  -9.8462841929e-01  -9.8624810092e-01   3.2062973743e+00  -4.9717448438e-01  -4.9717448438e-01
  -9.8131944233e-01  -9.8300873766e-01   3.8496104332e+00  -5.9486001852e-01  -5.9486001852e-01
  -9.7785244686e-01  -9.7963014701e-01   4.4929939105e+00  -6.9076443921e-01  -6.9076443921e-01
  -9.7417338419e-01  -9.7607474670e-01   5.1371111273e+00  -7.8417889036e-01  -7.8417889036e-01
  -9.7019249318e-01  -9.7227202168e-01   5.7829079533e+00  -8.7401609455e-01  -8.7401609455e-01
  -9.6578359501e-01  -9.6811296468e-01   6.4296322586e+00  -9.5816225144e-01  -9.5816225144e-01
  -9.6083994562e-01  -9.6345422535e-01   7.0679048540e+00  -1.0320483676e+00  -1.0320483676e+00
  -9.5672958094e-01  -9.5822566589e-01   7.5320360588e+00  -1.0747410400e+00  -1.0747410400e+00
  -9.5373741104e-01  -9.5523349599e-01   7.8565943241e+00  -1.0983531069e+00  -1.0983531069e+00
  -9.5025488527e-01  -9.5224132609e-01   8.1999728643e+00  -1.1150886740e+00  -1.1150886740e+00
  -9.4628200363e-01  -9.4826844445e-01   8.5197690957e+00  -1.1163854181e+00  -1.1163854181e+00
  -9.4250053430e-01  -9.4429556281e-01   8.7708397454e+00  -1.1017955633e+00  -1.1017955633e+00
  -9.3891047727e-01  -9.4070550579e-01   8.9625667919e+00  -1.0754060190e+00  -1.0754060190e+00
  -9.3532042025e-01  -9.3711544876e-01   9.1190232513e+00  -1.0343813631e+00  -1.0343813631e+00
  -9.3173036323e-01  -9.3352539174e-01   9.2420896053e+00  -9.7678975522e-01  -9.7678975522e-01
  -9.2724876539e-01  -9.2993533472e-01   9.3370106396e+00  -8.9454526995e-01  -8.9454526995e-01
  -9.2187562673e-01  -9.2456219606e-01   9.3855328801e+00  -7.7081243717e-01  -7.7081243717e-01
  -9.1650248807e-01  -9.1918905740e-01   9.3753456734e+00  -6.2877144538e-01  -6.2877144538e-01
  -9.1112934941e-01  -9.1381591874e-01   9.3232633778e+00  -4.7198610209e-01  -4.7198610209e-01
  -9.0575621076e-01  -9.0844278009e-01   9.2460043072e+00  -3.0687414528e-01  -3.0687414528e-01
  -9.0038307210e-01  -9.0306964143e-01   9.1608346827e+00  -1.3970792139e-01  -1.3970792139e-01
  -8.9500993344e-01  -8.9769650277e-01   9.0876114507e+00   1.7833728321e-02   1.7833728321e-02
  -8.8963679478e-01  -8.9232336411e-01   9.0390916780e+00   1.6262070336e-01   1.6262070336e-01
  -8.8534681475e-01  -8.8695022546e-01   9.0270672777e+00   2.6693052325e-01   2.6693052325e-01
  -8.8213999333e-01  -8.8374340404e-01   9.0343881005e+00   3.3629071720e-01   3.3629071720e-01
  -8.7893317192e-01  -8.8053658263e-01   9.0617506570e+00   4.0531375934e-01   4.0531375934e-01
  -8.7572635050e-01  -8.7732976121e-01   9.1064748741e+00   4.6116309288e-01   4.6116309288e-01
  -8.7251952909e-01  -8.7412293979e-01   9.1730008533e+00   5.0783486192e-01   5.0783486192e-01
  -8.6931270767e-01  -8.7091611838e-01   9.2656944898e+00   5.4721429189e-01   5.4721429189e-01
  -8.6610588626e-01  -8.6770929696e-01   9.3758207660e+00   5.7552218176e-01   5.7552218176e-01
  -8.6289906484e-01  -8.6450247555e-01   9.5109414890e+00   5.9538137534e-01   5.9538137534e-01
  -8.5984039146e-01  -8.6129565413e-01   9.6526677834e+00   6.0543910953e-01   6.0543910953e-01
  -8.5692986612e-01  -8.5838512879e-01   9.7954893741e+00   6.0795436593e-01   6.0795436593e-01
  -8.5401934078e-01  -8.5547460345e-01   9.9511385381e+00   6.0410628840e-01   6.0410628840e-01
  -8.5110881544e-01  -8.5256407811e-01   1.0112902850e+01   5.9457007831e-01   5.9457007831e-01
  -8.4724807809e-01  -8.4965355277e-01   1.0354655438e+01   5.7302690029e-01   5.7302690029e-01
  -8.4243712875e-01  -8.4484260342e-01   1.0678599166e+01   5.3300647743e-01   5.3300647743e-01
  -8.3782917998e-01  -8.4003165407e-01   1.1004539382e+01   4.8394482631e-01   4.8394482631e-01
  -8.3342423179e-01  -8.3562670588e-01   1.1325239357e+01   4.2969120291e-01   4.2969120291e-01
  -8.2890972215e-01  -8.3122175769e-01   1.1652170739e+01   3.6965674738e-01   3.6965674738e-01
  -8.2428565106e-01  -8.2659768661e-01   1.1971901716e+01   3.0718379330e-01   3.0718379330e-01
  -8.1935818315e-01  -8.2197361552e-01   1.2287263238e+01   2.4268590204e-01   2.4268590204e-01
  -8.1412731840e-01  -8.1674275078e-01   1.2598323266e+01   1.7670087315e-01   1.7670087315e-01
  -8.1006367278e-01  -8.1151188603e-01   1.2840936782e+01   1.2409269458e-01   1.2409269458e-01
  -8.0716724628e-01  -8.0861545953e-01   1.3008438890e+01   8.7565258894e-02   8.7565258894e-02
  -8.0427081978e-01  -8.0571903303e-01   1.3168178790e+01   5.2689127642e-02   5.2689127642e-02
  -8.0137439328e-01  -8.0282260653e-01   1.3318363124e+01   2.0019183304e-02   2.0019183304e-02
  -7.9794421852e-01  -7.9992618003e-01   1.3482609849e+01  -1.5397073216e-02  -1.5397073216e-02
  -7.9398029550e-01  -7.9596225701e-01   1.3653924110e+01  -5.1590146308e-02  -5.1590146308e-02
  -7.9001637248e-01  -7.9199833399e-01   1.3807658604e+01  -8.3053700387e-02  -8.3053700387e-02
  -7.8605244947e-01  -7.8803441098e-01   1.3945735080e+01  -1.1002684518e-01  -1.1002684518e-01
  -7.8240358908e-01  -7.8407048796e-01   1.4063396858e+01  -1.3162522753e-01  -1.3162522753e-01
  -7.7906979132e-01  -7.8073669020e-01   1.4161344937e+01  -1.4843442611e-01  -1.4843442611e-01
  -7.7573599355e-01  -7.7740289243e-01   1.4249257821e+01  -1.6228938108e-01  -1.6228938108e-01
  -7.7240219579e-01  -7.7406909467e-01   1.4328282596e+01  -1.7346664903e-01  -1.7346664903e-01
  -7.6906839803e-01  -7.7073529691e-01   1.4400190887e+01  -1.8232862971e-01  -1.8232862971e-01
  -7.6573460026e-01  -7.6740149915e-01   1.4465981568e+01  -1.8913242749e-01  -1.8913242749e-01
  -7.6240080250e-01  -7.6406770138e-01   1.4525244451e+01  -1.9395802800e-01  -1.9395802800e-01
  -7.5906700474e-01  -7.6073390362e-01   1.4578976952e+01  -1.9702536849e-01  -1.9702536849e-01
  -7.5586409099e-01  -7.5740010586e-01   1.4626171224e+01  -1.9852772593e-01  -1.9852772593e-01
  -7.5279206124e-01  -7.5432807612e-01   1.4668266068e+01  -1.9884245017e-01  -1.9884245017e-01
  -7.4972003150e-01  -7.5125604637e-01   1.4707290574e+01  -1.9813077967e-01  -1.9813077967e-01
  -7.4664800176e-01  -7.4818401663e-01   1.4743288341e+01  -1.9649418929e-01  -1.9649418929e-01
  -7.4357597202e-01  -7.4511198689e-01   1.4776415409e+01  -1.9404366622e-01  -1.9404366622e-01
  -7.4050394228e-01  -7.4203995715e-01   1.4806819754e+01  -1.9090548902e-01  -1.9090548902e-01
  -7.3743191254e-01  -7.3896792741e-01   1.4834795420e+01  -1.8717567797e-01  -1.8717567797e-01
  -7.3435988280e-01  -7.3589589767e-01   1.4860680785e+01  -1.8292110450e-01  -1.8292110450e-01
  -7.3128785306e-01  -7.3282386793e-01   1.4884967554e+01  -1.7815033447e-01  -1.7815033447e-01
  -7.2821582331e-01  -7.2975183818e-01   1.4907875240e+01  -1.7290058762e-01  -1.7290058762e-01
  -7.2514379357e-01  -7.2667980844e-01   1.4929331939e+01  -1.6726360281e-01  -1.6726360281e-01
  -7.2207176383e-01  -7.2360777870e-01   1.4949498699e+01  -1.6126909771e-01  -1.6126909771e-01
  -7.1899973409e-01  -7.2053574896e-01   1.4968634288e+01  -1.5492547289e-01  -1.5492547289e-01
  -7.1592770435e-01  -7.1746371922e-01   1.4986596131e+01  -1.4836499735e-01  -1.4836499735e-01
  -7.1285567461e-01  -7.1439168948e-01   1.5003167895e+01  -1.4172117073e-01  -1.4172117073e-01
  -7.0978364487e-01  -7.1131965974e-01   1.5018916231e+01  -1.3480899787e-01  -1.3480899787e-01
  -7.0628570708e-01  -7.0824763000e-01   1.5035434556e+01  -1.2693459925e-01  -1.2693459925e-01
  -7.0236186126e-01  -7.0432378417e-01   1.5052308894e+01  -1.1813093512e-01  -1.1813093512e-01
  -6.9843801544e-01  -7.0039993835e-01   1.5067854346e+01  -1.0937175828e-01  -1.0937175828e-01
  -6.9451416962e-01  -6.9647609253e-01   1.5082223781e+01  -1.0073122062e-01  -1.0073122062e-01
  -6.9059032380e-01  -6.9255224671e-01   1.5095597248e+01  -9.2268903376e-02  -9.2268903376e-02
  -6.8666647798e-01  -6.8862840089e-01   1.5108185806e+01  -8.4026941605e-02  -8.4026941605e-02
  -6.8274263216e-01  -6.8470455507e-01   1.5120219342e+01  -7.6035585050e-02  -7.6035585050e-02
  -6.7881878633e-01  -6.8078070924e-01   1.5131926793e+01  -6.8328018052e-02  -6.8328018052e-02
  -6.7489494051e-01  -6.7685686342e-01   1.5143433488e+01  -6.1008871751e-02  -6.1008871751e-02
  -6.7097109469e-01  -6.7293301760e-01   1.5154906733e+01  -5.4153163008e-02  -5.4153163008e-02
  -6.6704724887e-01  -6.6900917178e-01   1.5166530518e+01  -4.7824965579e-02  -4.7824965579e-02
  -6.6312340305e-01  -6.6508532596e-01   1.5178494098e+01  -4.2087325280e-02  -4.2087325280e-02
  -6.5919955723e-01  -6.6116148014e-01   1.5190951646e+01  -3.7014796277e-02  -3.7014796277e-02
  -6.5527571140e-01  -6.5723763432e-01   1.5204028061e+01  -3.2692600412e-02  -3.2692600412e-02
  -6.5135186558e-01  -6.5331378849e-01   1.5218025425e+01  -2.9150689229e-02  -2.9150689229e-02
  -6.4742801976e-01  -6.4938994267e-01   1.5232911793e+01  -2.6480704318e-02  -2.6480704318e-02
  -6.4382672538e-01  -6.4546609685e-01   1.5247728236e+01  -2.4854741941e-02  -2.4854741941e-02
  -6.4054798243e-01  -6.4218735390e-01   1.5262343218e+01  -2.4059499052e-02  -2.4059499052e-02
  -6.3726923947e-01  -6.3890861095e-01   1.5278191264e+01  -2.4007330799e-02  -2.4007330799e-02
  -6.3399049652e-01  -6.3562986800e-01   1.5295357882e+01  -2.4749142079e-02  -2.4749142079e-02
  -6.3071175357e-01  -6.3235112505e-01   1.5313901241e+01  -2.6323191767e-02  -2.6323191767e-02
  -6.2743301062e-01  -6.2907238210e-01   1.5333838397e+01  -2.8751482137e-02  -2.8751482137e-02
  -6.2415426767e-01  -6.2579363915e-01   1.5355192819e+01  -3.2043728502e-02  -3.2043728502e-02
  -6.2087552472e-01  -6.2251489620e-01   1.5377995260e+01  -3.6200756968e-02  -3.6200756968e-02
  -6.1759678177e-01  -6.1923615325e-01   1.5402244893e+01  -4.1211455824e-02  -4.1211455824e-02
  -6.1431803882e-01  -6.1595741030e-01   1.5427900591e+01  -4.7052087043e-02  -4.7052087043e-02
  -6.1103929587e-01  -6.1267866735e-01   1.5454915517e+01  -5.3693957349e-02  -5.3693957349e-02
  -6.0776055292e-01  -6.0939992440e-01   1.5483243764e+01  -6.1103789390e-02  -6.1103789390e-02
  -6.0448180997e-01  -6.0612118145e-01   1.5512905461e+01  -6.9267261335e-02  -6.9267261335e-02
  -6.0120306702e-01  -6.0284243850e-01   1.5544495608e+01  -7.8341916509e-02  -7.8341916509e-02
  -5.9792432407e-01  -5.9956369555e-01   1.5578492301e+01  -8.8443544276e-02  -8.8443544276e-02
  -5.9464558112e-01  -5.9628495260e-01   1.5612416540e+01  -9.8814644549e-02  -9.8814644549e-02
  -5.9061635113e-01  -5.9300620965e-01   1.5656074181e+01  -1.1245746181e-01  -1.1245746181e-01
  -5.8583663411e-01  -5.8822649262e-01   1.5712843960e+01  -1.3059677005e-01  -1.3059677005e-01
  -5.8105691708e-01  -5.8344677560e-01   1.5773314761e+01  -1.5022658025e-01  -1.5022658025e-01
  -5.7627720006e-01  -5.7866705857e-01   1.5836098970e+01  -1.7080266198e-01  -1.7080266198e-01
  -5.7149748303e-01  -5.7388734155e-01   1.5900441848e+01  -1.9197210926e-01  -1.9197210926e-01
  -5.6671776601e-01  -5.6910762452e-01   1.5967051270e+01  -2.1386736975e-01  -2.1386736975e-01
  -5.6193804898e-01  -5.6432790749e-01   1.6037760084e+01  -2.3699159803e-01  -2.3699159803e-01
  -5.5715833196e-01  -5.5954819047e-01   1.6115859983e+01  -2.6231150507e-01  -2.6231150507e-01
  -5.5279115507e-01  -5.5476847344e-01   1.6188296822e+01  -2.8550666950e-01  -2.8550666950e-01
  -5.4883651831e-01  -5.5081383669e-01   1.6255885027e+01  -3.0686002832e-01  -3.0686002832e-01
  -5.4488188155e-01  -5.4685919993e-01   1.6325220908e+01  -3.2842870800e-01  -3.2842870800e-01
  -5.4092724479e-01  -5.4290456317e-01   1.6395700847e+01  -3.4997047808e-01  -3.4997047808e-01
  -5.3697260803e-01  -5.3894992641e-01   1.6466963587e+01  -3.7132439052e-01  -3.7132439052e-01
  -5.3301797127e-01  -5.3499528965e-01   1.6538793900e+01  -3.9237843508e-01  -3.9237843508e-01
  -5.2906333451e-01  -5.3104065289e-01   1.6611145093e+01  -4.1307265841e-01  -4.1307265841e-01
  -5.2510869775e-01  -5.2708601613e-01   1.6683960208e+01  -4.3334450472e-01  -4.3334450472e-01
  -5.2108726252e-01  -5.2313137938e-01   1.6757855633e+01  -4.5330834547e-01  -4.5330834547e-01
  -5.1699902882e-01  -5.1904314567e-01   1.6832497554e+01  -4.7279000087e-01  -4.7279000087e-01
  -5.1291079512e-01  -5.1495491197e-01   1.6906607689e+01  -4.9140166338e-01  -4.9140166338e-01
  -5.0882256141e-01  -5.1086667827e-01   1.6980090676e+01  -5.0908212664e-01  -5.0908212664e-01
  -5.0473432771e-01  -5.0677844456e-01   1.7052552518e+01  -5.2571070081e-01  -5.2571070081e-01
  -5.0064609401e-01  -5.0269021086e-01   1.7123249877e+01  -5.4109930883e-01  -5.4109930883e-01
  -4.9655786030e-01  -4.9860197716e-01   1.7190724248e+01  -5.5492740579e-01  -5.5492740579e-01
  -4.9246962660e-01  -4.9451374345e-01   1.7251561969e+01  -5.6653135910e-01  -5.6653135910e-01
  -4.8767761953e-01  -4.9042550975e-01   1.7320089588e+01  -5.7857676426e-01  -5.7857676426e-01
  -4.8218183910e-01  -4.8492972932e-01   1.7395613979e+01  -5.9025083347e-01  -5.9025083347e-01
  -4.7668605867e-01  -4.7943394888e-01   1.7467531832e+01  -5.9950063202e-01  -5.9950063202e-01
  -4.7119027824e-01  -4.7393816845e-01   1.7534865738e+01  -6.0607667620e-01  -6.0607667620e-01
  -4.6569449780e-01  -4.6844238802e-01   1.7596916117e+01  -6.0975660880e-01  -6.0975660880e-01
  -4.6019871737e-01  -4.6294660759e-01   1.7652580711e+01  -6.1029563931e-01  -6.1029563931e-01
  -4.5470293694e-01  -4.5745082716e-01   1.7699216638e+01  -6.0773096708e-01  -6.0773096708e-01
  -4.4920715651e-01  -4.5195504672e-01   1.7738665301e+01  -6.0226306726e-01  -6.0226306726e-01
  -4.4456310027e-01  -4.4645926629e-01   1.7767421534e+01  -5.9496023911e-01  -5.9496023911e-01
  -4.4077076821e-01  -4.4266693424e-01   1.7786862662e+01  -5.8745563808e-01  -5.8745563808e-01
  -4.3697843616e-01  -4.3887460219e-01   1.7802269457e+01  -5.7846292692e-01  -5.7846292692e-01
  -4.3318610411e-01  -4.3508227014e-01   1.7813804773e+01  -5.6802153772e-01  -5.6802153772e-01
  -4.2939377206e-01  -4.3128993809e-01   1.7821543277e+01  -5.5615235429e-01  -5.5615235429e-01
  -4.2560144001e-01  -4.2749760604e-01   1.7825541544e+01  -5.4287959896e-01  -5.4287959896e-01
  -4.2180910796e-01  -4.2370527399e-01   1.7825871322e+01  -5.2824736811e-01  -5.2824736811e-01
  -4.1801677591e-01  -4.1991294193e-01   1.7822623196e+01  -5.1231545557e-01  -5.1231545557e-01
  -4.1422444386e-01  -4.1612060988e-01   1.7815891606e+01  -4.9512804536e-01  -4.9512804536e-01
  -4.1043211181e-01  -4.1232827783e-01   1.7805743579e+01  -4.7667193383e-01  -4.7667193383e-01
  -4.0663977976e-01  -4.0853594578e-01   1.7792196825e+01  -4.5685963929e-01  -4.5685963929e-01
  -4.0284744771e-01  -4.0474361373e-01   1.7775311971e+01  -4.3563422631e-01  -4.3563422631e-01
  -3.9905511566e-01  -4.0095128168e-01   1.7755396437e+01  -4.1321076445e-01  -4.1321076445e-01
  -3.9526278360e-01  -3.9715894963e-01   1.7732536569e+01  -3.8958903568e-01  -3.8958903568e-01
  -3.9147045155e-01  -3.9336661758e-01   1.7706880108e+01  -3.6481293221e-01  -3.6481293221e-01
  -3.8767811950e-01  -3.8957428553e-01   1.7677974460e+01  -3.3832393058e-01  -3.3832393058e-01
  -3.8430820539e-01  -3.8578195348e-01   1.7651135202e+01  -3.1471380444e-01  -3.1471380444e-01
  -3.8136070922e-01  -3.8283445731e-01   1.7626569202e+01  -2.9368021120e-01  -2.9368021120e-01
  -3.7841321305e-01  -3.7988696114e-01   1.7600871069e+01  -2.7215590661e-01  -2.7215590661e-01
  -3.7546571688e-01  -3.7693946497e-01   1.7574246794e+01  -2.5024614144e-01  -2.5024614144e-01
  -3.7251822071e-01  -3.7399196880e-01   1.7546904943e+01  -2.2806016960e-01  -2.2806016960e-01
  -3.6957072454e-01  -3.7104447263e-01   1.7518962112e+01  -2.0563226427e-01  -2.0563226427e-01
  -3.6662322837e-01  -3.6809697646e-01   1.7490475491e+01  -1.8295028432e-01  -1.8295028432e-01
  -3.6367573220e-01  -3.6514948029e-01   1.7461498577e+01  -1.6000176094e-01  -1.6000176094e-01
  -3.6072823603e-01  -3.6220198412e-01   1.7432103303e+01  -1.3679103100e-01  -1.3679103100e-01
  -3.5778073986e-01  -3.5925448795e-01   1.7402365855e+01  -1.1332674594e-01  -1.1332674594e-01
  -3.5483324369e-01  -3.5630699178e-01   1.7372338220e+01  -8.9598258904e-02  -8.9598258904e-02
  -3.5188574752e-01  -3.5335949561e-01   1.7342101698e+01  -6.5617537777e-02  -6.5617537777e-02
  -3.4893825135e-01  -3.5041199944e-01   1.7311935870e+01  -4.1554078981e-02  -4.1554078981e-02
  -3.4599075518e-01  -3.4746450327e-01   1.7282197828e+01  -1.7641909559e-02  -1.7641909559e-02
  -3.4304325902e-01  -3.4451700710e-01   1.7253002609e+01   6.0724038798e-03   6.0724038798e-03
  -3.4009576285e-01  -3.4156951093e-01   1.7224431267e+01   2.9566489079e-02   2.9566489079e-02
  -3.3685557096e-01  -3.3862201476e-01   1.7193689192e+01   5.5219337069e-02   5.5219337069e-02
  -3.3332268336e-01  -3.3508912716e-01   1.7160484629e+01   8.3510796273e-02   8.3510796273e-02
  -3.2978979577e-01  -3.3155623956e-01   1.7127599316e+01   1.1224536680e-01   1.1224536680e-01
  -3.2625690817e-01  -3.2802335197e-01   1.7096138649e+01   1.4057783820e-01   1.4057783820e-01
  -3.2272402057e-01  -3.2449046437e-01   1.7066951777e+01   1.6782939298e-01   1.6782939298e-01
  -3.1919113297e-01  -3.2095757677e-01   1.7040017672e+01   1.9407255452e-01   1.9407255452e-01
  -3.1565824538e-01  -3.1742468917e-01   1.7015324100e+01   2.1936669078e-01   2.1936669078e-01
  -3.1212535778e-01  -3.1389180158e-01   1.6993034949e+01   2.4359789623e-01   2.4359789623e-01
  -3.0859247018e-01  -3.1035891398e-01   1.6973333337e+01   2.6662865186e-01   2.6662865186e-01
  -3.0505958258e-01  -3.0682602638e-01   1.6956245026e+01   2.8853568911e-01   2.8853568911e-01
  -3.0152669498e-01  -3.0329313878e-01   1.6941601858e+01   3.0971972329e-01   3.0971972329e-01
  -2.9799380739e-01  -2.9976025119e-01   1.6929516895e+01   3.3023901688e-01   3.3023901688e-01
  -2.9446091979e-01  -2.9622736359e-01   1.6920587572e+01   3.4936775139e-01   3.4936775139e-01
  -2.9092803219e-01  -2.9269447599e-01   1.6914959950e+01   3.6695575594e-01   3.6695575594e-01
  -2.8739514459e-01  -2.8916158839e-01   1.6912643959e+01   3.8307938851e-01   3.8307938851e-01
  -2.8386225700e-01  -2.8562870079e-01   1.6913702064e+01   3.9780475680e-01   3.9780475680e-01
  -2.8051748709e-01  -2.8209581320e-01   1.6917999374e+01   4.1040771311e-01   4.1040771311e-01
  -2.7736083486e-01  -2.7893916097e-01   1.6924862326e+01   4.2098120574e-01   4.2098120574e-01
  -2.7420418264e-01  -2.7578250875e-01   1.6934460568e+01   4.3022289548e-01   4.3022289548e-01
  -2.7104753042e-01  -2.7262585653e-01   1.6946753947e+01   4.3823491647e-01   4.3823491647e-01
  -2.6789087820e-01  -2.6946920431e-01   1.6961732409e+01   4.4508931728e-01   4.4508931728e-01
  -2.6473422598e-01  -2.6631255209e-01   1.6979390464e+01   4.5081872660e-01   4.5081872660e-01
  -2.6157757375e-01  -2.6315589986e-01   1.6999727066e+01   4.5544414944e-01   4.5544414944e-01
  -2.5842092153e-01  -2.5999924764e-01   1.7022775303e+01   4.5898807373e-01   4.5898807373e-01
  -2.5526426931e-01  -2.5684259542e-01   1.7048658248e+01   4.6147401286e-01   4.6147401286e-01
  -2.5210761709e-01  -2.5368594320e-01   1.7077462787e+01   4.6291815545e-01   4.6291815545e-01
  -2.4895096486e-01  -2.5052929098e-01   1.7108650671e+01   4.6333423224e-01   4.6333423224e-01
  -2.4579431264e-01  -2.4737263875e-01   1.7141205354e+01   4.6278341909e-01   4.6278341909e-01
  -2.4263766042e-01  -2.4421598653e-01   1.7175039287e+01   4.6139382952e-01   4.6139382952e-01
  -2.3948100820e-01  -2.4105933431e-01   1.7209596603e+01   4.5929249575e-01   4.5929249575e-01
  -2.3632435598e-01  -2.3790268209e-01   1.7247966162e+01   4.5632115877e-01   4.5632115877e-01
  -2.3316770375e-01  -2.3474602987e-01   1.7289866716e+01   4.5250608317e-01   4.5250608317e-01
  -2.2943554077e-01  -2.3158937764e-01   1.7339411544e+01   4.4744459708e-01   4.4744459708e-01
  -2.2512786701e-01  -2.2728170389e-01   1.7399601933e+01   4.4062970124e-01   4.4062970124e-01
  -2.2082019326e-01  -2.2297403013e-01   1.7463012674e+01   4.3295069576e-01   4.3295069576e-01
  -2.1651251950e-01  -2.1866635638e-01   1.7528861739e+01   4.2461299481e-01   4.2461299481e-01
  -2.1220484575e-01  -2.1435868262e-01   1.7596789589e+01   4.1577678147e-01   4.1577678147e-01
  -2.0789717199e-01  -2.1005100887e-01   1.7667826772e+01   4.0641781677e-01   4.0641781677e-01
  -2.0358949824e-01  -2.0574333512e-01   1.7744204750e+01   3.9635234254e-01   3.9635234254e-01
  -1.9928182448e-01  -2.0143566136e-01   1.7820671462e+01   3.8638824131e-01   3.8638824131e-01
  -1.9515040822e-01  -1.9712798761e-01   1.7894354240e+01   3.7699371903e-01   3.7699371903e-01
  -1.9119524945e-01  -1.9317282884e-01   1.7965639041e+01   3.6816459791e-01   3.6816459791e-01
  -1.8724009069e-01  -1.8921767007e-01   1.8037511213e+01   3.5958665582e-01   3.5958665582e-01
  -1.8328493192e-01  -1.8526251130e-01   1.8109665640e+01   3.5135655384e-01   3.5135655384e-01
  -1.7932977315e-01  -1.8130735254e-01   1.8181720890e+01   3.4356965124e-01   3.4356965124e-01
  -1.7537461438e-01  -1.7735219377e-01   1.8253022697e+01   3.3633674572e-01   3.3633674572e-01
  -1.7141945562e-01  -1.7339703500e-01   1.8322425234e+01   3.2979969206e-01   3.2979969206e-01
  -1.6746429685e-01  -1.6944187623e-01   1.8390757513e+01   3.2389062975e-01   3.2389062975e-01
  -1.6321786659e-01  -1.6548671746e-01   1.8462798357e+01   3.1824865544e-01   3.1824865544e-01
  -1.5868016485e-01  -1.6094901572e-01   1.8537748494e+01   3.1310987096e-01   3.1310987096e-01
  -1.5414246311e-01  -1.5641131398e-01   1.8610741720e+01   3.0886813007e-01   3.0886813007e-01
  -1.4960476136e-01  -1.5187361223e-01   1.8682069741e+01   3.0550943587e-01   3.0550943587e-01
  -1.4506705962e-01  -1.4733591049e-01   1.8751663257e+01   3.0302842984e-01   3.0302842984e-01
  -1.4052935787e-01  -1.4279820875e-01   1.8818297135e+01   3.0145074184e-01   3.0145074184e-01
  -1.3599165613e-01  -1.3826050700e-01   1.8878728562e+01   3.0076726398e-01   3.0076726398e-01
  -1.3145395439e-01  -1.3372280526e-01   1.8935352969e+01   3.0076291877e-01   3.0076291877e-01
  -1.2773008885e-01  -1.2918510352e-01   1.8980238052e+01   3.0125047014e-01   3.0125047014e-01
  -1.2482005952e-01  -1.2627507419e-01   1.9016244097e+01   3.0191654578e-01   3.0191654578e-01
  -1.2191003019e-01  -1.2336504486e-01   1.9050090710e+01   3.0281488188e-01   3.0281488188e-01
  -1.1900000086e-01  -1.2045501553e-01   1.9082737318e+01   3.0394775884e-01   3.0394775884e-01
  -1.1608997153e-01  -1.1754498620e-01   1.9114359809e+01   3.0529997599e-01   3.0529997599e-01
  -1.1317994220e-01  -1.1463495687e-01   1.9145015368e+01   3.0685447221e-01   3.0685447221e-01
  -1.1026991288e-01  -1.1172492754e-01   1.9175752298e+01   3.0865981193e-01   3.0865981193e-01
  -1.0735988355e-01  -1.0881489821e-01   1.9205463887e+01   3.1064141278e-01   3.1064141278e-01
  -1.0444985422e-01  -1.0590486888e-01   1.9235646510e+01   3.1288114735e-01   3.1288114735e-01
  -1.0153982489e-01  -1.0299483955e-01   1.9262819221e+01   3.1509509710e-01   3.1509509710e-01
  -9.8629795559e-02  -1.0008481022e-01   1.9289941932e+01   3.1751556683e-01   3.1751556683e-01
  -9.5719766230e-02  -9.7174780895e-02   1.9317189485e+01   3.2013633327e-01   3.2013633327e-01
  -9.2809736901e-02  -9.4264751566e-02   1.9342796155e+01   3.2277677380e-01   3.2277677380e-01
  -8.9899707572e-02  -9.1354722237e-02   1.9366471059e+01   3.2538217948e-01   3.2538217948e-01
  -8.6989678243e-02  -8.8444692907e-02   1.9388801485e+01   3.2798585289e-01   3.2798585289e-01
  -8.4079648914e-02  -8.5534663578e-02   1.9410308212e+01   3.3062667245e-01   3.3062667245e-01
  -8.0703495552e-02  -8.2624634249e-02   1.9434464786e+01   3.3373443646e-01   3.3373443646e-01
  -7.6861218158e-02  -7.8782356855e-02   1.9459974641e+01   3.3719791194e-01   3.3719791194e-01
  -7.3018940764e-02  -7.4940079461e-02   1.9483557962e+01   3.4055492435e-01   3.4055492435e-01
  -6.9176663369e-02  -7.1097802067e-02   1.9505377441e+01   3.4378944845e-01   3.4378944845e-01
  -6.5334385975e-02  -6.7255524672e-02   1.9525447859e+01   3.4686829433e-01   3.4686829433e-01
  -6.1492108581e-02  -6.3413247278e-02   1.9543808679e+01   3.4976661385e-01   3.4976661385e-01
  -5.7649831187e-02  -5.9570969884e-02   1.9560649941e+01   3.5248768489e-01   3.5248768489e-01
  -5.3807553793e-02  -5.5728692490e-02   1.9575992277e+01   3.5500994716e-01   3.5500994716e-01
  -4.9965276398e-02  -5.1886415096e-02   1.9589392080e+01   3.5723665501e-01   3.5723665501e-01
  -4.6122999004e-02  -4.8044137701e-02   1.9600996210e+01   3.5917264283e-01   3.5917264283e-01
  -4.2280721610e-02  -4.4201860307e-02   1.9610935676e+01   3.6082569565e-01   3.6082569565e-01
  -3.8438444216e-02  -4.0359582913e-02   1.9619728187e+01   3.6227262821e-01   3.6227262821e-01
  -3.4596166822e-02  -3.6517305519e-02   1.9627382996e+01   3.6350811128e-01   3.6350811128e-01
  -3.0753889427e-02  -3.2675028125e-02   1.9633833840e+01   3.6451672453e-01   3.6451672453e-01
  -2.6911612033e-02  -2.8832750730e-02   1.9639080779e+01   3.6529640089e-01   3.6529640089e-01
  -2.3069334639e-02  -2.4990473336e-02   1.9643141231e+01   3.6585037034e-01   3.6585037034e-01
  -1.9116312576e-02  -2.1148195942e-02   1.9646068829e+01   3.6618838676e-01   3.6618838676e-01
  -1.5052545844e-02  -1.7084429210e-02   1.9647773181e+01   3.6630101284e-01   3.6630101284e-01
  -1.0988779112e-02  -1.3020662478e-02   1.9648212086e+01   3.6619526881e-01   3.6619526881e-01
  -6.9250123798e-03  -8.9568957458e-03   1.9647404975e+01   3.6588683022e-01   3.6588683022e-01
  -2.8612456478e-03  -4.8931290138e-03   1.9645361756e+01   3.6539225507e-01   3.6539225507e-01
   1.2025210843e-03  -8.2936228174e-04   1.9642087662e+01   3.6472945873e-01   3.6472945873e-01
   5.2662878163e-03   3.2344044503e-03   1.9637592715e+01   3.6391889961e-01   3.6391889961e-01
   9.3300545483e-03   7.2981711823e-03   1.9631901641e+01   3.6298467004e-01   3.6298467004e-01
   1.3393821280e-02   1.1361937914e-02   1.9625019743e+01   3.6194910613e-01   3.6194910613e-01
   1.7457588012e-02   1.5425704646e-02   1.9616858520e+01   3.6082275900e-01   3.6082275900e-01
   2.1521354744e-02   1.9489471378e-02   1.9607367968e+01   3.5962498247e-01   3.5962498247e-01
   2.5585121476e-02   2.3553238110e-02   1.9596712409e+01   3.5839968150e-01   3.5839968150e-01
   2.9648888209e-02   2.7617004843e-02   1.9585055627e+01   3.5718724451e-01   3.5718724451e-01
   3.3712654941e-02   3.1680771575e-02   1.9572337527e+01   3.5599986399e-01   3.5599986399e-01
   3.7776421673e-02   3.5744538307e-02   1.9558502051e+01   3.5485144375e-01   3.5485144375e-01
   4.1840188405e-02   3.9808305039e-02   1.9543502164e+01   3.5375861525e-01   3.5375861525e-01
   4.5625421987e-02   4.3872071771e-02   1.9528390851e+01   3.5280880473e-01   3.5280880473e-01
   4.9132122419e-02   4.7378772203e-02   1.9513480729e+01   3.5200125020e-01   3.5200125020e-01
   5.2638822852e-02   5.0885472635e-02   1.9497655443e+01   3.5127960260e-01   3.5127960260e-01
   5.6145523284e-02   5.4392173068e-02   1.9480907508e+01   3.5065671935e-01   3.5065671935e-01
   5.9652223716e-02   5.7898873500e-02   1.9463230545e+01   3.5014545466e-01   3.5014545466e-01
   6.3158924149e-02   6.1405573933e-02   1.9444629716e+01   3.4975822924e-01   3.4975822924e-01
   6.6665624581e-02   6.4912274365e-02   1.9425133158e+01   3.4950686134e-01   3.4950686134e-01
   7.0172325014e-02   6.8418974797e-02   1.9404749406e+01   3.4940291807e-01   3.4940291807e-01
   7.3679025446e-02   7.1925675230e-02   1.9383310607e+01   3.4946000537e-01   3.4946000537e-01
   7.7185725878e-02   7.5432375662e-02   1.9360416184e+01   3.4969766955e-01   3.4969766955e-01
   8.0692426311e-02   7.8939076095e-02   1.9336099979e+01   3.5013279742e-01   3.5013279742e-01
   8.4199126743e-02   8.2445776527e-02   1.9311399835e+01   3.5075234599e-01   3.5075234599e-01
   8.7705827176e-02   8.5952476959e-02   1.9286351737e+01   3.5155660707e-01   3.5155660707e-01
   9.1212527608e-02   8.9459177392e-02   1.9260739298e+01   3.5255067153e-01   3.5255067153e-01
   9.4719228040e-02   9.2965877824e-02   1.9234444199e+01   3.5373981771e-01   3.5373981771e-01
   9.8225928473e-02   9.6472578256e-02   1.9207336483e+01   3.5513361491e-01   3.5513361491e-01
   1.0148888149e-01   9.9979278689e-02   1.9181266463e+01   3.5663029233e-01   3.5663029233e-01
   1.0450808709e-01   1.0299848429e-01   1.9156673584e+01   3.5816671743e-01   3.5816671743e-01
   1.0752729269e-01   1.0601768989e-01   1.9131638802e+01   3.5985363358e-01   3.5985363358e-01
   1.1054649828e-01   1.0903689549e-01   1.9106120494e+01   3.6169284470e-01   3.6169284470e-01
   1.1356570388e-01   1.1205610108e-01   1.9080106517e+01   3.6368446861e-01   3.6368446861e-01
   1.1658490948e-01   1.1507530668e-01   1.9053614754e+01   3.6582670965e-01   3.6582670965e-01
   1.1960411508e-01   1.1809451228e-01   1.9026664918e+01   3.6811759161e-01   3.6811759161e-01
   1.2262332068e-01   1.2111371788e-01   1.8999250374e+01   3.7055718898e-01   3.7055718898e-01
   1.2564252628e-01   1.2413292348e-01   1.8971335969e+01   3.7314793779e-01   3.7314793779e-01
   1.2866173188e-01   1.2715212908e-01   1.8942873277e+01   3.7589368881e-01   3.7589368881e-01
   1.3168093748e-01   1.3017133468e-01   1.8913866510e+01   3.7879290294e-01   3.7879290294e-01
   1.3470014307e-01   1.3319054028e-01   1.8884634188e+01   3.8181152986e-01   3.8181152986e-01
   1.3771934867e-01   1.3620974587e-01   1.8855289398e+01   3.8493439498e-01   3.8493439498e-01
   1.4073855427e-01   1.3922895147e-01   1.8825797546e+01   3.8816022974e-01   3.8816022974e-01
   1.4375775987e-01   1.4224815707e-01   1.8796112643e+01   3.9148887775e-01   3.9148887775e-01
   1.4677696547e-01   1.4526736267e-01   1.8766192564e+01   3.9492008812e-01   3.9492008812e-01
   1.4972342853e-01   1.4828656827e-01   1.8736766321e+01   3.9836354226e-01   3.9836354226e-01
   1.5259714904e-01   1.5116028879e-01   1.8707950532e+01   4.0179438978e-01   4.0179438978e-01
   1.5547086956e-01   1.5403400930e-01   1.8679047539e+01   4.0528909063e-01   4.0528909063e-01
   1.5834459008e-01   1.5690772982e-01   1.8650047119e+01   4.0884326704e-01   4.0884326704e-01
   1.6121831059e-01   1.5978145033e-01   1.8620946804e+01   4.1245142546e-01   4.1245142546e-01
   1.6409203111e-01   1.6265517085e-01   1.8591757049e+01   4.1610631255e-01   4.1610631255e-01
   1.6696575162e-01   1.6552889137e-01   1.8562494219e+01   4.1979968780e-01   4.1979968780e-01
   1.6983947214e-01   1.6840261188e-01   1.8533175169e+01   4.2352295800e-01   4.2352295800e-01
   1.7271319266e-01   1.7127633240e-01   1.8503817388e+01   4.2726714623e-01   4.2726714623e-01
   1.7558691317e-01   1.7415005291e-01   1.8474450545e+01   4.3102141690e-01   4.3102141690e-01
   1.7846063369e-01   1.7702377343e-01   1.8445120947e+01   4.3477251848e-01   4.3477251848e-01
   1.8133435420e-01   1.7989749394e-01   1.8415855021e+01   4.3850948377e-01   4.3850948377e-01
   1.8420807472e-01   1.8277121446e-01   1.8386672545e+01   4.4222196995e-01   4.4222196995e-01
   1.8708179523e-01   1.8564493498e-01   1.8357600734e+01   4.4589850205e-01   4.4589850205e-01
   1.8995551575e-01   1.8851865549e-01   1.8328683325e+01   4.4952538944e-01   4.4952538944e-01
   1.9282923627e-01   1.9139237601e-01   1.8299968071e+01   4.5308828410e-01   4.5308828410e-01
   1.9578370372e-01   1.9426609652e-01   1.8270603143e+01   4.5668267882e-01   4.5668267882e-01
   1.9881891813e-01   1.9730131093e-01   1.8240359762e+01   4.6032014362e-01   4.6032014362e-01
   2.0185413253e-01   2.0033652533e-01   1.8210043177e+01   4.6389009620e-01   4.6389009620e-01
   2.0488934693e-01   2.0337173973e-01   1.8180069601e+01   4.6733149624e-01   4.6733149624e-01
   2.0792456133e-01   2.0640695413e-01   1.8150557636e+01   4.7061977129e-01   4.7061977129e-01
   2.1095977573e-01   2.0944216853e-01   1.8121441418e+01   4.7375235238e-01   4.7375235238e-01
   2.1399499013e-01   2.1247738293e-01   1.8092720906e+01   4.7671927681e-01   4.7671927681e-01
   2.1703020453e-01   2.1551259733e-01   1.8064498763e+01   4.7950005890e-01   4.7950005890e-01
   2.2006541893e-01   2.1854781173e-01   1.8036942673e+01   4.8206974812e-01   4.8206974812e-01
   2.2310063333e-01   2.2158302613e-01   1.8010150637e+01   4.8441152179e-01   4.8441152179e-01
   2.2613584773e-01   2.2461824053e-01   1.7983771959e+01   4.8654756929e-01   4.8654756929e-01
   2.2917106213e-01   2.2765345493e-01   1.7957707644e+01   4.8847537750e-01   4.8847537750e-01
   2.3220627653e-01   2.3068866933e-01   1.7931986914e+01   4.9017778426e-01   4.9017778426e-01
   2.3524149093e-01   2.3372388373e-01   1.7906572079e+01   4.9163965885e-01   4.9163965885e-01
   2.3827670533e-01   2.3675909813e-01   1.7881566546e+01   4.9283960025e-01   4.9283960025e-01
   2.4131191973e-01   2.3979431253e-01   1.7857470004e+01   4.9374190254e-01   4.9374190254e-01
   2.4464105700e-01   2.4282952693e-01   1.7831993461e+01   4.9439519423e-01   4.9439519423e-01
   2.4826411713e-01   2.4645258706e-01   1.7804519334e+01   4.9468724309e-01   4.9468724309e-01
   2.5188717727e-01   2.5007564720e-01   1.7778285228e+01   4.9452623333e-01   4.9452623333e-01
   2.5551023741e-01   2.5369870734e-01   1.7753358261e+01   4.9389706612e-01   4.9389706612e-01
   2.5913329754e-01   2.5732176747e-01   1.7729510705e+01   4.9278728532e-01   4.9278728532e-01
   2.6275635768e-01   2.6094482761e-01   1.7706667078e+01   4.9118286821e-01   4.9118286821e-01
   2.6637941781e-01   2.6456788775e-01   1.7684906344e+01   4.8907677112e-01   4.8907677112e-01
   2.7000247795e-01   2.6819094788e-01   1.7664323565e+01   4.8645918325e-01   4.8645918325e-01
   2.7362553809e-01   2.7181400802e-01   1.7644844189e+01   4.8330620707e-01   4.8330620707e-01
   2.7724859822e-01   2.7543706816e-01   1.7626912667e+01   4.7968948048e-01   4.7968948048e-01
   2.8087165836e-01   2.7906012829e-01   1.7610210887e+01   4.7557377615e-01   4.7557377615e-01
   2.8449471850e-01   2.8268318843e-01   1.7594610542e+01   4.7094537894e-01   4.7094537894e-01
   2.8811777863e-01   2.8630624856e-01   1.7580115553e+01   4.6580627392e-01   4.6580627392e-01
   2.9174083877e-01   2.8992930870e-01   1.7566724865e+01   4.6015636207e-01   4.6015636207e-01
   2.9536389891e-01   2.9355236884e-01   1.7554410064e+01   4.5398224372e-01   4.5398224372e-01
   2.9898695904e-01   2.9717542897e-01   1.7543108214e+01   4.4723744517e-01   4.4723744517e-01
   3.0286287507e-01   3.0079848911e-01   1.7532052619e+01   4.3936905857e-01   4.3936905857e-01
   3.0699164699e-01   3.0492726103e-01   1.7521724534e+01   4.3039843212e-01   4.3039843212e-01
   3.1112041890e-01   3.0905603295e-01   1.7512741978e+01   4.2082686067e-01   4.2082686067e-01
   3.1524919082e-01   3.1318480486e-01   1.7505007842e+01   4.1064354720e-01   4.1064354720e-01
   3.1937796274e-01   3.1731357678e-01   1.7498458936e+01   3.9987053418e-01   3.9987053418e-01
   3.2350673466e-01   3.2144234870e-01   1.7493030279e+01   3.8854105754e-01   3.8854105754e-01
   3.2763550657e-01   3.2557112062e-01   1.7488647312e+01   3.7670626863e-01   3.7670626863e-01
   3.3176427849e-01   3.2969989253e-01   1.7485226752e+01   3.6444122667e-01   3.6444122667e-01
   3.3589305041e-01   3.3382866445e-01   1.7482655941e+01   3.5177735333e-01   3.5177735333e-01
   3.4002182233e-01   3.3795743637e-01   1.7480814612e+01   3.3880163766e-01   3.3880163766e-01
   3.4415059425e-01   3.4208620829e-01   1.7479552541e+01   3.2549590044e-01   3.2549590044e-01
   3.4827936616e-01   3.4621498020e-01   1.7478721594e+01   3.1192565074e-01   3.1192565074e-01
   3.5240813808e-01   3.5034375212e-01   1.7478158947e+01   2.9817314086e-01   2.9817314086e-01
   3.5653691000e-01   3.5447252404e-01   1.7477682782e+01   2.8432221594e-01   2.8432221594e-01
   3.6066568192e-01   3.5860129596e-01   1.7477092536e+01   2.7045703086e-01   2.7045703086e-01
   3.6479445383e-01   3.6273006788e-01   1.7476166321e+01   2.5664286617e-01   2.5664286617e-01
   3.6869928534e-01   3.6685883979e-01   1.7474741792e+01   2.4371255593e-01   2.4371255593e-01
   3.7238017644e-01   3.7053973089e-01   1.7472755569e+01   2.3192615724e-01   2.3192615724e-01
   3.7606106753e-01   3.7422062199e-01   1.7469934566e+01   2.2054468161e-01   2.2054468161e-01
   3.7974195863e-01   3.7790151308e-01   1.7466070046e+01   2.0955953665e-01   2.0955953665e-01
   3.8342284972e-01   3.8158240418e-01   1.7460945712e+01   1.9901241593e-01   1.9901241593e-01
   3.8710374082e-01   3.8526329527e-01   1.7454343176e+01   1.8897729505e-01   1.8897729505e-01
   3.9078463192e-01   3.8894418637e-01   1.7445991818e+01   1.7952516629e-01   1.7952516629e-01
   3.9446552301e-01   3.9262507746e-01   1.7435400930e+01   1.7064284365e-01   1.7064284365e-01
   3.9814641411e-01   3.9630596856e-01   1.7421954044e+01   1.6233818068e-01   1.6233818068e-01
   4.0182730520e-01   3.9998685966e-01   1.7405938397e+01   1.5518971422e-01   1.5518971422e-01
   4.0550819630e-01   4.0366775075e-01   1.7387231851e+01   1.4924782581e-01   1.4924782581e-01
   4.0918908740e-01   4.0734864185e-01   1.7366092645e+01   1.4472844023e-01   1.4472844023e-01
   4.1286997849e-01   4.1102953294e-01   1.7341712482e+01   1.4155861058e-01   1.4155861058e-01
   4.1655086959e-01   4.1471042404e-01   1.7312982898e+01   1.3973108609e-01   1.3973108609e-01
   4.2023176068e-01   4.1839131513e-01   1.7279952652e+01   1.3941306271e-01   1.3941306271e-01
   4.2391265178e-01   4.2207220623e-01   1.7242224055e+01   1.4080071575e-01   1.4080071575e-01
   4.2819878484e-01   4.2575309733e-01   1.7188179797e+01   1.4485352896e-01   1.4485352896e-01
   4.3309015987e-01   4.3064447236e-01   1.7098060076e+01   1.5462206464e-01   1.5462206464e-01
   4.3798153491e-01   4.3553584739e-01   1.6954953491e+01   1.7344959152e-01   1.7344959152e-01
   4.4287290994e-01   4.4042722242e-01   1.6732910776e+01   2.0689482193e-01   2.0689482193e-01
   4.4781052936e-01   4.4531859745e-01   1.6452853894e+01   2.5347810796e-01   2.5347810796e-01
   4.5279439317e-01   4.5030246127e-01   1.6147457917e+01   3.0574929464e-01   3.0574929464e-01
   4.5675797476e-01   4.5528632508e-01   1.5901700303e+01   3.4449585623e-01   3.4449585623e-01
   4.5970127411e-01   4.5822962443e-01   1.5723362950e+01   3.6877286024e-01   3.6877286024e-01
   4.6264457346e-01   4.6117292378e-01   1.5562166336e+01   3.8481193235e-01   3.8481193235e-01
   4.6558787281e-01   4.6411622313e-01   1.5427328501e+01   3.8980319400e-01   3.8980319400e-01
   4.6854900580e-01   4.6705952248e-01   1.5323248777e+01   3.8195367852e-01   3.8195367852e-01
   4.7152797242e-01   4.7003848911e-01   1.5253876875e+01   3.5976788775e-01   3.5976788775e-01
   4.7450693904e-01   4.7301745573e-01   1.5221771914e+01   3.2266901281e-01   3.2266901281e-01
   4.7748590566e-01   4.7599642235e-01   1.5226780347e+01   2.7070243492e-01   2.7070243492e-01
   4.8046487229e-01   4.7897538897e-01   1.5266980991e+01   2.0480533336e-01   2.0480533336e-01
   4.8344383891e-01   4.8195435560e-01   1.5338789011e+01   1.2700932801e-01   1.2700932801e-01
   4.8642280553e-01   4.8493332222e-01   1.5436654829e+01   4.0369395926e-02   4.0369395926e-02
   4.8940177215e-01   4.8791228884e-01   1.5552145679e+01  -5.0932293118e-02  -5.0932293118e-02
   4.9285851298e-01   4.9089125547e-01   1.5690810336e+01  -1.5546780460e-01  -1.5546780460e-01
   4.9679302802e-01   4.9482577050e-01   1.5809349380e+01  -2.5405691573e-01  -2.5405691573e-01
   5.0072754305e-01   4.9876028554e-01   1.5813066957e+01  -3.0872680662e-01  -3.0872680662e-01
   5.0466205809e-01   5.0269480057e-01   1.5632933945e+01  -3.0987849820e-01  -3.0987849820e-01
   5.0890920735e-01   5.0662931561e-01   1.5197046374e+01  -2.6174912738e-01  -2.6174912738e-01
   5.1278896353e-01   5.1118909909e-01   1.4521753430e+01  -1.7897510515e-01  -1.7897510515e-01
   5.1579295936e-01   5.1438882796e-01   1.3895996374e+01  -9.2944254174e-02  -9.2944254174e-02
   5.1857864995e-01   5.1719709076e-01   1.3280135392e+01   1.0595980150e-02   1.0595980150e-02
   5.2145906793e-01   5.1996020914e-01   1.2658678574e+01   1.4632058744e-01   1.4632058744e-01
   5.2477524172e-01   5.2295792672e-01   1.2024464081e+01   3.3298593554e-01   3.3298593554e-01
   5.2901425341e-01   5.2659255672e-01   1.1402714422e+01   5.8419327266e-01   5.8419327266e-01
   5.3307293860e-01   5.3143595010e-01   1.0985668418e+01   7.8423370741e-01   7.8423370741e-01
   5.3634691559e-01   5.3470992709e-01   1.0791280845e+01   8.3931532140e-01   8.3931532140e-01
   5.3962089258e-01   5.3798390408e-01   1.0756976969e+01   7.4793411042e-01   7.4793411042e-01
   5.4289486957e-01   5.4125788108e-01   1.0882376120e+01   5.1265657581e-01   5.1265657581e-01
   5.4725084207e-01   5.4453185807e-01   1.1244472628e+01   6.3007921308e-02   6.3007921308e-02
   5.5191502271e-01   5.4996982607e-01   1.1875465480e+01  -4.3892256369e-01  -4.3892256369e-01
   5.5547671728e-01   5.5386021935e-01   1.2509097850e+01  -8.0461050390e-01  -8.0461050390e-01
   5.5864369965e-01   5.5709321522e-01   1.3133745072e+01  -1.0989864347e+00  -1.0989864347e+00
   5.6194363910e-01   5.6019418408e-01   1.3771338436e+01  -1.3723461504e+00  -1.3723461504e+00
   5.6607120280e-01   5.6369309411e-01   1.4428265609e+01  -1.6663197779e+00  -1.6663197779e+00
   5.7007701371e-01   5.6844931149e-01   1.4829032420e+01  -1.9040143115e+00  -1.9040143115e+00
   5.7333241814e-01   5.7170471592e-01   1.5006778666e+01  -2.0586296444e+00  -2.0586296444e+00
   5.7658782256e-01   5.7496012035e-01   1.5032163320e+01  -2.1630268275e+00  -2.1630268275e+00
   5.7984322699e-01   5.7821552478e-01   1.4904035395e+01  -2.2121943239e+00  -2.2121943239e+00
   5.8413881679e-01   5.8147092921e-01   1.4534854047e+01  -2.2114149693e+00  -2.2114149693e+00
   5.8856619981e-01   5.8680670438e-01   1.3865927177e+01  -2.1442947017e+00  -2.1442947017e+00
   5.9176023497e-01   5.9032569525e-01   1.3228400033e+01  -2.0684628321e+00  -2.0684628321e+00
   5.9451411447e-01   5.9319477469e-01   1.2603683394e+01  -1.9810747079e+00  -1.9810747079e+00
   5.9713757069e-01   5.9583345426e-01   1.1977963215e+01  -1.8736781566e+00  -1.8736781566e+00
   5.9978176331e-01   5.9844168713e-01   1.1345439605e+01  -1.7377492220e+00  -1.7377492220e+00
   6.0250000686e-01   6.0112183949e-01   1.0711507497e+01  -1.5702382956e+00  -1.5702382956e+00
   6.0527928248e-01   6.0387817422e-01   1.0089663603e+01  -1.3799934066e+00  -1.3799934066e+00
   6.0815907666e-01   6.0668039073e-01   9.4945887414e+00  -1.1847855660e+00  -1.1847855660e+00
   6.1155209600e-01   6.0963776258e-01   8.9352663500e+00  -9.9860625897e-01  -9.9860625897e-01
   6.1538076284e-01   6.1346642942e-01   8.7382539009e+00  -9.3103648529e-01  -9.3103648529e-01
   6.1915002730e-01   6.1729509626e-01   9.0888805187e+00  -1.0384657879e+00  -1.0384657879e+00
   6.2244030237e-01   6.2100495834e-01   9.6848445372e+00  -1.2305778254e+00  -1.2305778254e+00
   6.2527932719e-01   6.2387564640e-01   1.0284765945e+01  -1.4191626315e+00  -1.4191626315e+00
   6.2807546755e-01   6.2668300798e-01   1.0917998963e+01  -1.5981937639e+00  -1.5981937639e+00
   6.3081881705e-01   6.2946792711e-01   1.1563913128e+01  -1.7477942313e+00  -1.7477942313e+00
   6.3350096155e-01   6.3216970699e-01   1.2200995101e+01  -1.8620961016e+00  -1.8620961016e+00
   6.3621941295e-01   6.3483221612e-01   1.2826565866e+01  -1.9488494210e+00  -1.9488494210e+00
   6.3919323861e-01   6.3760660978e-01   1.3450878233e+01  -2.0185312566e+00  -2.0185312566e+00
   6.4281978405e-01   6.4077986744e-01   1.4080974981e+01  -2.0774463266e+00  -2.0774463266e+00
   6.4638267236e-01   6.4485970067e-01   1.4526378832e+01  -2.1033301778e+00  -2.1033301778e+00
   6.4942861575e-01   6.4790564406e-01   1.4774999877e+01  -2.0915199556e+00  -2.0915199556e+00
   6.5247455914e-01   6.5095158744e-01   1.4884876642e+01  -2.0354784640e+00  -2.0354784640e+00
   6.5552050252e-01   6.5399753083e-01   1.4860551643e+01  -1.9311096768e+00  -1.9311096768e+00
   6.5866470532e-01   6.5704347422e-01   1.4699229031e+01  -1.7764109116e+00  -1.7764109116e+00
   6.6190716752e-01   6.6028593642e-01   1.4388354609e+01  -1.5774005725e+00  -1.5774005725e+00
   6.6545661981e-01   6.6352839862e-01   1.3906688637e+01  -1.3339792738e+00  -1.3339792738e+00
   6.6896428073e-01   6.6738484100e-01   1.3269218816e+01  -1.0552763175e+00  -1.0552763175e+00
   6.7206196926e-01   6.7054372046e-01   1.2648188230e+01  -7.7881428992e-01  -7.7881428992e-01
   6.7523510099e-01   6.7358021807e-01   1.2020680483e+01  -4.6095850011e-01  -4.6095850011e-01
   6.7897479339e-01   6.7688998391e-01   1.1368173012e+01  -4.3206146319e-02  -4.3206146319e-02
   6.8315875391e-01   6.8105960287e-01   1.0836173096e+01   4.4306812125e-01   4.4306812125e-01
   6.8735705601e-01   6.8525790496e-01   1.0523973651e+01   8.5249417805e-01   8.5249417805e-01
   6.9217551603e-01   6.8945620705e-01   1.0435442173e+01   1.1141604175e+00   1.1141604175e+00
   6.9761413400e-01   6.9489482502e-01   1.0726151895e+01   1.0455850826e+00   1.0455850826e+00
   7.0249312824e-01   7.0033344298e-01   1.1302872153e+01   7.8282234001e-01   7.8282234001e-01
   7.0629291027e-01   7.0465281351e-01   1.1961442632e+01   5.6240425499e-01   5.6240425499e-01
   7.0936926645e-01   7.0793300702e-01   1.2593264179e+01   4.1345189409e-01   4.1345189409e-01
   7.1221290696e-01   7.1080552587e-01   1.3210471343e+01   3.0769130009e-01   3.0769130009e-01
   7.1516683105e-01   7.1362028805e-01   1.3829741464e+01   2.2651857472e-01   2.2651857472e-01
   7.1874004597e-01   7.1671337405e-01   1.4473049621e+01   1.5737716683e-01   1.5737716683e-01
   7.2352563619e-01   7.2076671788e-01   1.5038133063e+01   1.0751678601e-01   1.0751678601e-01
   7.2904347282e-01   7.2628455451e-01   1.5319292736e+01   1.2297059244e-01   1.2297059244e-01
   7.3370517811e-01   7.3180239114e-01   1.5268346418e+01   2.1419918952e-01   2.1419918952e-01
   7.3751075207e-01   7.3560796509e-01   1.5133427991e+01   3.2514267842e-01   3.2514267842e-01
   7.4131632602e-01   7.3941353904e-01   1.4967680899e+01   4.5358541280e-01   4.5358541280e-01
   7.4512189997e-01   7.4321911300e-01   1.4812696830e+01   5.8343580128e-01   5.8343580128e-01
   7.4844464551e-01   7.4702468695e-01   1.4710160546e+01   6.8660334489e-01   6.8660334489e-01
   7.5128456262e-01   7.4986460407e-01   1.4651325414e+01   7.6406905284e-01   7.6406905284e-01
   7.5412447974e-01   7.5270452118e-01   1.4624906486e+01   8.2881267236e-01   8.2881267236e-01
   7.5696439686e-01   7.5554443830e-01   1.4633778508e+01   8.7823682279e-01   8.7823682279e-01
   7.5980431397e-01   7.5838435541e-01   1.4677728232e+01   9.1377789335e-01   9.1377789335e-01
   7.6264423109e-01   7.6122427253e-01   1.4756668872e+01   9.3696860010e-01   9.3696860010e-01
   7.6548414820e-01   7.6406418965e-01   1.4863195085e+01   9.4729956414e-01   9.4729956414e-01
   7.6832406532e-01   7.6690410676e-01   1.4997074455e+01   9.4645064153e-01   9.4645064153e-01
   7.7244903544e-01   7.6974402388e-01   1.5213086524e+01   9.3234650981e-01   9.3234650981e-01
   7.7785905856e-01   7.7515404700e-01   1.5525704502e+01   8.9743296556e-01   8.9743296556e-01
   7.8283433256e-01   7.8056407012e-01   1.5799769012e+01   8.6441876811e-01   8.6441876811e-01
   7.8737485742e-01   7.8510459499e-01   1.6002080911e+01   8.4252151196e-01   8.4252151196e-01
   7.9191538229e-01   7.8964511986e-01   1.6086210116e+01   8.3828146363e-01   8.3828146363e-01
   7.9645590715e-01   7.9418564472e-01   1.6019534683e+01   8.5474001087e-01   8.5474001087e-01
   8.0144733686e-01   7.9872616959e-01   1.5817415622e+01   8.9106828283e-01   8.9106828283e-01
   8.0688967142e-01   8.0416850414e-01   1.5507133932e+01   9.4502447195e-01   9.4502447195e-01
   8.1103356891e-01   8.0961083870e-01   1.5251033288e+01   9.8725976031e-01   9.8725976031e-01
   8.1387902932e-01   8.1245629911e-01   1.5070705005e+01   1.0144019788e+00   1.0144019788e+00
   8.1672448974e-01   8.1530175953e-01   1.4908274575e+01   1.0347054344e+00   1.0347054344e+00
   8.1956995016e-01   8.1814721995e-01   1.4766712636e+01   1.0463542012e+00   1.0463542012e+00
   8.2248801900e-01   8.2099268036e-01   1.4644925670e+01   1.0477190505e+00   1.0477190505e+00
   8.2547869627e-01   8.2398335764e-01   1.4549614488e+01   1.0362549713e+00   1.0362549713e+00
   8.2846937355e-01   8.2697403491e-01   1.4487409995e+01   1.0097097847e+00   1.0097097847e+00
   8.3146005082e-01   8.2996471218e-01   1.4464374376e+01   9.6855246704e-01   9.6855246704e-01
   8.3445072809e-01   8.3295538946e-01   1.4479074555e+01   9.1000765638e-01   9.1000765638e-01
   8.3744140537e-01   8.3594606673e-01   1.4527389725e+01   8.4227586380e-01   8.4227586380e-01
   8.4043208264e-01   8.3893674400e-01   1.4611538089e+01   7.5918287999e-01   7.5918287999e-01
   8.4342275991e-01   8.4192742128e-01   1.4722531729e+01   6.6562874912e-01   6.6562874912e-01
   8.4702182460e-01   8.4491809855e-01   1.4869588931e+01   5.5204146711e-01   5.5204146711e-01
   8.5122927670e-01   8.4912555065e-01   1.5013958620e+01   4.3974487204e-01   4.3974487204e-01
   8.5543672880e-01   8.5333300275e-01   1.5061129548e+01   3.6799638996e-01   3.6799638996e-01
   8.5964418091e-01   8.5754045486e-01   1.4924009131e+01   3.5050385696e-01   3.5050385696e-01
   8.6418325072e-01   8.6174790696e-01   1.4512094517e+01   3.8986502087e-01   3.8986502087e-01
   8.6833006686e-01   8.6661859448e-01   1.3879004154e+01   4.6449838171e-01   4.6449838171e-01
   8.7147528851e-01   8.7004153924e-01   1.3255701793e+01   5.4552104511e-01   5.4552104511e-01
   8.7427919875e-01   8.7290903777e-01   1.2639976861e+01   6.4197095819e-01   6.4197095819e-01
   8.7709701652e-01   8.7564935973e-01   1.2016895633e+01   7.6871635382e-01   7.6871635382e-01
   8.8024030836e-01   8.7854467332e-01   1.1376437420e+01   9.4712870588e-01   9.4712870588e-01
   8.8419670941e-01   8.8193594339e-01   1.0713815455e+01   1.2067010894e+00   1.2067010894e+00
   8.8799384942e-01   8.8645747542e-01   1.0287548773e+01   1.4191470246e+00   1.4191470246e+00
   8.9106659742e-01   8.8953022342e-01   1.0069594934e+01   1.5070813257e+00   1.5070813257e+00
   8.9413934541e-01   8.9260297141e-01   9.9830266998e+00   1.4755492194e+00   1.4755492194e+00
   8.9721209340e-01   8.9567571941e-01   1.0026700778e+01   1.3181820107e+00   1.3181820107e+00
   9.0037278914e-01   8.9874846740e-01   1.0199642645e+01   1.0509593831e+00   1.0509593831e+00
   9.0362143261e-01   9.0199711087e-01   1.0513567776e+01   7.0038485712e-01   7.0038485712e-01
   9.0723076115e-01   9.0524575435e-01   1.1006414856e+01   2.8489505768e-01   2.8489505768e-01
   9.1084478498e-01   9.0921576795e-01   1.1653299707e+01  -1.0094991527e-01  -1.0094991527e-01
   9.1402432076e-01   9.1247380201e-01   1.2279331400e+01  -4.0085673450e-01  -4.0085673450e-01
   9.1727826501e-01   9.1557483951e-01   1.2907930751e+01  -6.7085325371e-01  -6.7085325371e-01
   9.2129256215e-01   9.1898169051e-01   1.3573897705e+01  -9.6041755396e-01  -9.6041755396e-01
   9.2513528551e-01   9.2360343380e-01   1.3976143771e+01  -1.1800954726e+00  -1.1800954726e+00
   9.2819898894e-01   9.2666713722e-01   1.4192886642e+01  -1.3398422646e+00  -1.3398422646e+00
   9.3126269236e-01   9.2973084065e-01   1.4285239825e+01  -1.4637290113e+00  -1.4637290113e+00
   9.3432639578e-01   9.3279454407e-01   1.4240025435e+01  -1.5383447138e+00  -1.5383447138e+00
   9.3734422260e-01   9.3585824749e-01   1.4055144923e+01  -1.5632440139e+00  -1.5632440139e+00
   9.4031617280e-01   9.3883019770e-01   1.3746877154e+01  -1.5496412414e+00  -1.5496412414e+00
   9.4370202643e-01   9.4180214791e-01   1.3278627596e+01  -1.5046204483e+00  -1.5046204483e+00
   9.4708914267e-01   9.4560190495e-01   1.2627891316e+01  -1.4293037874e+00  -1.4293037874e+00
   9.4991822621e-01   9.4857638039e-01   1.1996796596e+01  -1.3456150825e+00  -1.3456150825e+00
   9.5256964033e-01   9.5126007202e-01   1.1364408380e+01  -1.2438006817e+00  -1.2438006817e+00
   9.5521659624e-01   9.5387920864e-01   1.0717812187e+01  -1.1127602264e+00  -1.1127602264e+00
   9.5791329203e-01   9.5655398384e-01   1.0056393512e+01  -9.4641533531e-01  -9.4641533531e-01
   9.6057569876e-01   9.5927260022e-01   9.3976607276e+00  -7.5639038127e-01  -7.5639038127e-01
   9.6308605011e-01   9.6187879730e-01   8.7549269163e+00  -5.6732184968e-01  -5.6732184968e-01
   9.6541731802e-01   9.6429330291e-01   8.1265029828e+00  -3.9599962236e-01  -3.9599962236e-01
   9.6762702463e-01   9.6654133313e-01   7.5066086126e+00  -2.4837969608e-01  -2.4837969608e-01
   9.6983022060e-01   9.6871271613e-01   6.8843783415e+00  -1.2442975911e-01  -1.2442975911e-01
   9.7215392803e-01   9.7094772508e-01   6.2505853133e+00  -2.4697627913e-02  -2.4697627913e-02
   9.7467846328e-01   9.7336013098e-01   5.6077345226e+00   4.7800705878e-02   4.7800705878e-02
   9.7742105645e-01   9.7599679558e-01   4.9579498679e+00   9.2523123719e-02   9.2523123719e-02
   9.8033342536e-01   9.7884531733e-01   4.3001612592e+00   1.1338217186e-01   1.1338217186e-01
   9.8272860349e-01   9.8182153340e-01   3.7742704123e+00   1.1607983638e-01   1.1607983638e-01
   9.8445851187e-01   9.8363567357e-01   3.3979435831e+00   1.1354514456e-01   1.1354514456e-01
   9.8604829732e-01   9.8528135018e-01   3.0534196588e+00   1.0829217214e-01   1.0829217214e-01
   9.8755119478e-01   9.8681524447e-01   2.7278773758e+00   1.0123753683e-01   1.0123753683e-01
   9.8902239074e-01   9.8828714509e-01   2.4087304368e+00   9.2703132458e-02   9.2703132458e-02
   9.9054659036e-01   9.8975763639e-01   2.0772441797e+00   8.2448965128e-02   8.2448965128e-02
   9.9227303056e-01   9.9133554433e-01   1.7005738947e+00   6.9409959495e-02   6.9409959495e-02
   9.9444185036e-01   9.9321051679e-01   1.2255955899e+00   5.1341038097e-02   5.1341038097e-02
   9.9783659196e-01   9.9567318392e-01   4.7884220645e-01   2.0618086925e-02   2.0618086925e-02