# time = 200
# FINE UNIFORM Grid points = 361
# Pressure (Pa) = 101325
#         1_posUnif              2_Rkk           3_thetaZ           4_thetaY           5_thetaX            6_xmap1            7_xmap2
  -1.0000000000e+00   0.0000000000e+00   0.0000000000e+00   0.0000000000e+00   0.0000000000e+00   0.0000000000e+00   0.0000000000e+00
  -9.9444444444e-01   1.3498960072e-01  -7.2417829938e-03   7.2415931194e-03   7.8537194220e-01   7.0467884850e-01   0.0000000000e+00
  -9.8888888889e-01   5.3025049867e-01  -5.8973653924e-03   5.8972628473e-03   7.8538077422e-01   7.0239563022e-01  -1.9229626864e-16
  -9.8333333333e-01   1.1372768569e+00  -3.6948772433e-03   3.6948520218e-03   7.8539133742e-01   6.9404381998e-01   1.9229626864e-16
  -9.7777777778e-01   1.8714607213e+00  -4.9066067692e-04   4.9066063613e-04   7.8539804300e-01   6.7947182004e-01   1.9229626864e-16
  -9.7222222222e-01   2.6366404282e+00   2.9023704456e-03  -2.9023582250e-03   7.8539395157e-01   6.5933713686e-01   0.0000000000e+00
  -9.6666666667e-01   3.3502329386e+00   5.6265102215e-03  -5.6264211694e-03   7.8538233485e-01   6.3429974945e-01  -1.9229626864e-16
  -9.6111111111e-01   3.9575223787e+00   7.7124627324e-03  -7.7122333735e-03   7.8536842299e-01   6.0517085551e-01   0.0000000000e+00
  -9.5555555556e-01   4.4290764656e+00   9.5744431082e-03  -9.5740043046e-03   7.8535232981e-01   5.7258018591e-01   0.0000000000e+00
  -9.5000000000e-01   4.7674048106e+00   1.1031562690e-02  -1.1030891519e-02   7.8533731816e-01   5.3793690486e-01   0.0000000000e+00
  -9.4444444444e-01   4.9944522911e+00   1.2526816176e-02  -1.2525833441e-02   7.8531970700e-01   5.0414930157e-01  -3.8459253728e-16
  -9.3888888889e-01   5.1244223219e+00   1.4099074198e-02  -1.4097673091e-02   7.8529877803e-01   4.7379358677e-01   1.9229626864e-16
  -9.3333333333e-01   5.1704048449e+00   1.4783575514e-02  -1.4781960296e-02   7.8528889433e-01   4.4857318787e-01   3.8459253728e-16
  -9.2777777778e-01   5.1506812993e+00   1.5231588245e-02  -1.5229821699e-02   7.8528217181e-01   4.2965256761e-01   0.0000000000e+00
  -9.2222222222e-01   5.0830261167e+00   1.6322343302e-02  -1.6320169473e-02   7.8526496587e-01   4.1731941021e-01   1.9229626864e-16
  -9.1666666667e-01   4.9946495850e+00   1.7479901365e-02  -1.7477231541e-02   7.8524540549e-01   4.1196033112e-01  -3.8459253728e-16
  -9.1111111111e-01   4.9186346788e+00   1.7262934201e-02  -1.7260362550e-02   7.8524917376e-01   4.1339372994e-01   0.0000000000e+00
  -9.0555555556e-01   4.8854671769e+00   1.4624063422e-02  -1.4622499916e-02   7.8529123946e-01   4.2089892995e-01   0.0000000000e+00
  -9.0000000000e-01   4.9072662235e+00   9.7920066601e-03  -9.7915372578e-03   7.8535022333e-01   4.3306072591e-01  -3.8459253728e-16
  -8.9444444444e-01   4.9758070022e+00   4.4058445898e-03  -4.4058018389e-03   7.8538845770e-01   4.4812918841e-01   1.9229626864e-16
  -8.8888888889e-01   5.0738732745e+00  -2.4368145327e-04   2.4368218722e-04   7.8539813378e-01   4.6405694647e-01   0.0000000000e+00
  -8.8333333333e-01   5.1825173767e+00  -3.4916240379e-03   3.4916027649e-03   7.8539206780e-01   4.7884719186e-01   0.0000000000e+00
  -8.7777777778e-01   5.2901211103e+00  -5.9932394548e-03   5.9931318278e-03   7.8538020421e-01   4.9188938296e-01  -3.8459253728e-16
  -8.7222222222e-01   5.3867549562e+00  -8.0997973160e-03   8.0995316341e-03   7.8536536074e-01   5.0284274771e-01   0.0000000000e+00
  -8.6666666667e-01   5.4596395543e+00  -9.0505669494e-03   9.0501963021e-03   7.8535720824e-01   5.1154432356e-01   0.0000000000e+00
  -8.6111111111e-01   5.5007731489e+00  -8.7968161661e-03   8.7964758291e-03   7.8535947242e-01   5.1816597325e-01   0.0000000000e+00
  -8.5555555556e-01   5.5052478640e+00  -7.4261512789e-03   7.4259465246e-03   7.8537059007e-01   5.2345515990e-01   0.0000000000e+00
  -8.5000000000e-01   5.4702133132e+00  -5.2086228786e-03   5.2085522349e-03   7.8538459868e-01   5.2742663770e-01   0.0000000000e+00
  -8.4444444444e-01   5.4069390104e+00  -1.5497355025e-03   1.5497336471e-03   7.8539696259e-01   5.3036199994e-01  -5.7688880592e-16
  -8.3888888889e-01   5.3252465582e+00   2.6613300188e-03  -2.6613205944e-03   7.8539462205e-01   5.3266531420e-01   0.0000000000e+00
  -8.3333333333e-01   5.2341932277e+00   5.9956734788e-03  -5.9955657212e-03   7.8538018963e-01   5.3523089524e-01  -3.8459253728e-16
  -8.2777777778e-01   5.1441290034e+00   7.8439104517e-03  -7.8436691601e-03   7.8536740063e-01   5.3894784612e-01  -5.7688880592e-16
  -8.2222222222e-01   5.0591830621e+00   8.3946885085e-03  -8.3943927445e-03   7.8536292888e-01   5.4424852783e-01   0.0000000000e+00
  -8.1666666667e-01   4.9799536958e+00   8.3353623936e-03  -8.3350728520e-03   7.8536342504e-01   5.5081820376e-01   1.9229626864e-16
  -8.1111111111e-01   4.8967374596e+00   7.5793939234e-03  -7.5791762330e-03   7.8536944035e-01   5.5757027398e-01   0.0000000000e+00
  -8.0555555556e-01   4.8064972019e+00   5.5230481729e-03  -5.5229639361e-03   7.8538291163e-01   5.6428781177e-01  -3.8459253728e-16
  -8.0000000000e-01   4.7219496401e+00   2.1216349131e-03  -2.1216301468e-03   7.8539591280e-01   5.7115894801e-01  -3.8459253728e-16
  -7.9444444444e-01   4.6605404488e+00  -2.2610107429e-03   2.2610049666e-03   7.8539560731e-01   5.7834372342e-01   0.0000000000e+00
  -7.8888888889e-01   4.6254049155e+00  -7.1617324558e-03   7.1615488028e-03   7.8537251869e-01   5.8553284071e-01  -3.8459253728e-16
  -7.8333333333e-01   4.6132764987e+00  -1.1964706982e-02   1.1963850684e-02   7.8532658975e-01   5.9196595777e-01   0.0000000000e+00
  -7.7777777778e-01   4.6181893978e+00  -1.5989504998e-02   1.5987461443e-02   7.8527034224e-01   5.9687061150e-01   0.0000000000e+00
  -7.7222222222e-01   4.6267171014e+00  -1.9029455450e-02   1.9026010951e-02   7.8521712517e-01   5.9948942186e-01  -3.8459253728e-16
  -7.6666666667e-01   4.6346158369e+00  -2.0491435431e-02   2.0487134673e-02   7.8518824340e-01   5.9952299436e-01   0.0000000000e+00
  -7.6111111111e-01   4.6502747064e+00  -1.9913810277e-02   1.9909862988e-02   7.8519990975e-01   5.9815363879e-01   0.0000000000e+00
  -7.5555555556e-01   4.6821052529e+00  -1.7536633939e-02   1.7533938042e-02   7.8524441239e-01   5.9673835046e-01   1.9229626864e-16
  -7.5000000000e-01   4.7300221526e+00  -1.3854166976e-02   1.3852837613e-02   7.8530220060e-01   5.9555383198e-01   0.0000000000e+00
  -7.4444444444e-01   4.7793565583e+00  -9.4661336245e-03   9.4657095416e-03   7.8535336098e-01   5.9417310678e-01  -3.8459253728e-16
  -7.3888888889e-01   4.8179715142e+00  -4.7069487886e-03   4.7068966472e-03   7.8538708590e-01   5.9290188491e-01   0.0000000000e+00
  -7.3333333333e-01   4.8454744879e+00   2.1384019650e-04  -2.1384084152e-04   7.8539814056e-01   5.9219093563e-01   0.0000000000e+00
  -7.2777777778e-01   4.8624153250e+00   4.4945420850e-03  -4.4944966910e-03   7.8538806298e-01   5.9148931094e-01   1.9229626864e-16
  -7.2222222222e-01   4.8734833839e+00   7.1510938679e-03  -7.1509110316e-03   7.8537259476e-01   5.9090213080e-01   4.8074067160e-16
  -7.1666666667e-01   4.8840252105e+00   7.9269992409e-03  -7.9267502006e-03   7.8536674537e-01   5.9081414140e-01   0.0000000000e+00
  -7.1111111111e-01   4.8999710204e+00   7.4190943598e-03  -7.4188901857e-03   7.8537064241e-01   5.9155327418e-01   1.9229626864e-16
  -7.0555555556e-01   4.9184248046e+00   6.3351767020e-03  -6.3350495773e-03   7.8537809645e-01   5.9277209800e-01  -3.8459253728e-16
  -7.0000000000e-01   4.9448603078e+00   5.5588745035e-03  -5.5587886187e-03   7.8538271312e-01   5.9505715622e-01   0.0000000000e+00
  -6.9444444444e-01   4.9828357705e+00   5.3438743825e-03  -5.3437980884e-03   7.8538388501e-01   5.9875140871e-01  -3.8459253728e-16
  -6.8888888889e-01   5.0201220994e+00   5.7582764237e-03  -5.7581809638e-03   7.8538158477e-01   6.0250154762e-01  -3.8459253728e-16
  -6.8333333333e-01   5.0512728708e+00   6.3020390204e-03  -6.3019138837e-03   7.8537830582e-01   6.0591685993e-01  -3.8459253728e-16
  -6.7777777778e-01   5.0724097948e+00   5.9530730850e-03  -5.9529676101e-03   7.8538044410e-01   6.0928275557e-01  -1.9229626864e-16
  -6.7222222222e-01   5.0755425862e+00   4.5581503823e-03  -4.5581030372e-03   7.8538777514e-01   6.1218164531e-01   0.0000000000e+00
  -6.6666666667e-01   5.0498221948e+00   1.3861104874e-03  -1.3861091441e-03   7.8539720275e-01   6.1420765430e-01   1.9229626864e-16
  -6.6111111111e-01   5.0004765876e+00  -3.6565196586e-03   3.6564952266e-03   7.8539147845e-01   6.1611360287e-01  -1.9229626864e-16
  -6.5555555556e-01   4.9446728184e+00  -9.3827344917e-03   9.3823215179e-03   7.8535414692e-01   6.1832652270e-01  -1.9229626864e-16
  -6.5000000000e-01   4.8891374731e+00  -1.5145682188e-02   1.5143945363e-02   7.8528347631e-01   6.2090659456e-01   1.9229626864e-16
  -6.4444444444e-01   4.8364133231e+00  -2.0589227526e-02   2.0584864911e-02   7.8518623525e-01   6.2384479221e-01   0.0000000000e+00
  -6.3888888889e-01   4.7850064061e+00  -2.5370086805e-02   2.5361926225e-02   7.8507641178e-01   6.2614365336e-01   0.0000000000e+00
  -6.3333333333e-01   4.7381766098e+00  -2.8981802342e-02   2.8969638398e-02   7.8497830851e-01   6.2724780321e-01   4.8074067160e-16
  -6.2777777778e-01   4.7032445070e+00  -3.0639608656e-02   3.0625236827e-02   7.8492891738e-01   6.2793175470e-01  -1.9229626864e-16
  -6.2222222222e-01   4.6783820519e+00  -3.0538307920e-02   3.0524078240e-02   7.8493201425e-01   6.2897846229e-01   1.9229626864e-16
  -6.1666666667e-01   4.6501382674e+00  -2.9108956130e-02   2.9096631488e-02   7.8497461739e-01   6.3043173285e-01   1.9229626864e-16
  -6.1111111111e-01   4.6108827971e+00  -2.6217184778e-02   2.6208179458e-02   7.8505457169e-01   6.3197460352e-01   1.9229626864e-16
  -6.0555555556e-01   4.5586576432e+00  -2.2103084776e-02   2.2097687629e-02   7.8515393006e-01   6.3328678798e-01   0.0000000000e+00
  -6.0000000000e-01   4.4968427761e+00  -1.7216660862e-02   1.7214109838e-02   7.8524997140e-01   6.3495398997e-01  -3.8459253728e-16
  -5.9444444444e-01   4.4329954128e+00  -1.2046969979e-02   1.2046095901e-02   7.8532560227e-01   6.3808336221e-01   0.0000000000e+00
  -5.8888888889e-01   4.3712104109e+00  -6.8627116268e-03   6.8625500292e-03   7.8537461547e-01   6.4312872916e-01   1.9229626864e-16
  -5.8333333333e-01   4.3126844370e+00  -1.9662912220e-03   1.9662874232e-03   7.8539623023e-01   6.4949348066e-01   0.0000000000e+00
  -5.7777777778e-01   4.2569508441e+00   2.3501792127e-03  -2.3501727248e-03   7.8539540173e-01   6.5572239953e-01  -3.8459253728e-16
  -5.7222222222e-01   4.2029160453e+00   6.1574545963e-03  -6.1573378745e-03   7.8537920658e-01   6.6061118799e-01   0.0000000000e+00
  -5.6666666667e-01   4.1537075394e+00   9.4410716657e-03  -9.4406509408e-03   7.8535359787e-01   6.6428429545e-01   0.0000000000e+00
  -5.6111111111e-01   4.1178949484e+00   1.2371347814e-02  -1.2370401216e-02   7.8532164216e-01   6.6733462575e-01   0.0000000000e+00
  -5.5555555556e-01   4.1019547776e+00   1.5178966655e-02  -1.5177218356e-02   7.8528297177e-01   6.7021374496e-01  -7.6918507455e-16
  -5.5000000000e-01   4.1085284517e+00   1.7699386111e-02  -1.7696614469e-02   7.8524154560e-01   6.7306719996e-01   0.0000000000e+00
  -5.4444444444e-01   4.1301037480e+00   1.9612690752e-02  -1.9608919799e-02   7.8520585921e-01   6.7563099954e-01  -3.8459253728e-16
  -5.3888888889e-01   4.1555293925e+00   2.1043568187e-02  -2.1038910412e-02   7.8517678022e-01   6.7795939929e-01   0.0000000000e+00
  -5.3333333333e-01   4.1815548483e+00   2.2470567776e-02  -2.2464896983e-02   7.8514574276e-01   6.8030244701e-01   0.0000000000e+00
  -5.2777777778e-01   4.2112514525e+00   2.4109917078e-02  -2.4102912858e-02   7.8510757564e-01   6.8243232591e-01   0.0000000000e+00
  -5.2222222222e-01   4.2442198512e+00   2.5850865621e-02  -2.5842232326e-02   7.8506410416e-01   6.8385782470e-01  -3.8459253728e-16
  -5.1666666667e-01   4.2797842286e+00   2.7727134483e-02  -2.7716482294e-02   7.8501386493e-01   6.8436993735e-01  -1.9229626864e-16
  -5.1111111111e-01   4.3154014649e+00   2.9781171012e-02  -2.9767972962e-02   7.8495483543e-01   6.8393620722e-01   1.9229626864e-16
  -5.0555555556e-01   4.3476693415e+00   3.1807063524e-02  -3.1790986517e-02   7.8489248920e-01   6.8277441211e-01   1.9229626864e-16
  -5.0000000000e-01   4.3780323382e+00   3.3411115132e-02  -3.3392482318e-02   7.8484021972e-01   6.8120830709e-01  -3.8459253728e-16
  -4.9444444444e-01   4.4101280341e+00   3.4399460976e-02  -3.4379126347e-02   7.8480673522e-01   6.7933096135e-01   4.8074067160e-16
  -4.8888888889e-01   4.4476004204e+00   3.4791321412e-02  -3.4770284305e-02   7.8479318948e-01   6.7718757734e-01   0.0000000000e+00
  -4.8333333333e-01   4.4915986489e+00   3.4929116740e-02  -3.4907828909e-02   7.8478838979e-01   6.7496127355e-01   0.0000000000e+00
  -4.7777777778e-01   4.5361430299e+00   3.4951540905e-02  -3.4930212066e-02   7.8478760683e-01   6.7267561267e-01   0.0000000000e+00
  -4.7222222222e-01   4.5748983343e+00   3.4559096605e-02  -3.4538477596e-02   7.8480123535e-01   6.7008771736e-01   0.0000000000e+00
  -4.6666666667e-01   4.6067614247e+00   3.3462185727e-02  -3.3443467490e-02   7.8483851333e-01   6.6765432225e-01   1.9229626864e-16
  -4.6111111111e-01   4.6308277312e+00   3.1743200723e-02  -3.1727220250e-02   7.8489451712e-01   6.6588151562e-01   1.9229626864e-16
  -4.5555555556e-01   4.6455395109e+00   2.9664013091e-02  -2.9650970354e-02   7.8495831553e-01   6.6466411737e-01   0.0000000000e+00
  -4.5000000000e-01   4.6481855162e+00   2.7435617810e-02  -2.7425298196e-02   7.8502190129e-01   6.6389355238e-01  -1.9229626864e-16
  -4.4444444444e-01   4.6369318767e+00   2.5412014715e-02  -2.5403813416e-02   7.8507534764e-01   6.6366642270e-01   0.0000000000e+00
  -4.3888888889e-01   4.6135643190e+00   2.3893384144e-02  -2.3886566631e-02   7.8511277084e-01   6.6421768806e-01  -7.6918507455e-16
  -4.3333333333e-01   4.5793991296e+00   2.2626915114e-02  -2.2621125174e-02   7.8514221842e-01   6.6541771471e-01   0.0000000000e+00
  -4.2777777778e-01   4.5377434280e+00   2.1181883360e-02  -2.1177133153e-02   7.8517386084e-01   6.6703721207e-01  -1.9229626864e-16
  -4.2222222222e-01   4.4899270795e+00   1.9500476408e-02  -1.9496769800e-02   7.8520805317e-01   6.6902193811e-01   0.0000000000e+00
  -4.1666666667e-01   4.4313644113e+00   1.7267430174e-02  -1.7264856518e-02   7.8524909617e-01   6.7106790434e-01   0.0000000000e+00
  -4.1111111111e-01   4.3651369569e+00   1.4603182236e-02  -1.4601625421e-02   7.8529154459e-01   6.7350826908e-01  -1.9229626864e-16
  -4.0555555556e-01   4.2968312058e+00   1.1803163722e-02  -1.1802341641e-02   7.8532850937e-01   6.7617787050e-01  -3.8459253728e-16
  -4.0000000000e-01   4.2320376381e+00   9.0255869596e-03  -9.0252193694e-03   7.8535743399e-01   6.7898483528e-01   0.0000000000e+00
  -3.9444444444e-01   4.1722430964e+00   6.3743309311e-03  -6.3742014351e-03   7.8537784768e-01   6.8206568716e-01   0.0000000000e+00
  -3.8888888889e-01   4.1178879813e+00   3.8828578650e-03  -3.8828286090e-03   7.8539062513e-01   6.8549345342e-01  -3.8459253728e-16
  -3.8333333333e-01   4.0681134658e+00   1.6103676167e-03  -1.6103655370e-03   7.8539686686e-01   6.8895549519e-01   1.9229626864e-16
  -3.7777777778e-01   4.0221445085e+00  -5.3167805433e-04   5.3167804213e-04   7.8539802205e-01   6.9178279763e-01  -3.8459253728e-16
  -3.7222222222e-01   3.9810604816e+00  -2.6007717150e-03   2.6007629340e-03   7.8539478141e-01   6.9393237421e-01   0.0000000000e+00
  -3.6666666667e-01   3.9415048889e+00  -4.2735955904e-03   4.2735565671e-03   7.8538903163e-01   6.9550374537e-01   1.9229626864e-16
  -3.6111111111e-01   3.8994405690e+00  -5.1950262722e-03   5.1949561714e-03   7.8538466935e-01   6.9644294349e-01   0.0000000000e+00
  -3.5555555556e-01   3.8566112153e+00  -5.3754911371e-03   5.3754134811e-03   7.8538371568e-01   6.9722759286e-01   1.9229626864e-16
  -3.5000000000e-01   3.8153079383e+00  -4.8479343155e-03   4.8478773546e-03   7.8538641227e-01   6.9805941435e-01   0.0000000000e+00
  -3.4444444444e-01   3.7781918448e+00  -3.7133068345e-03   3.7132812381e-03   7.8539126921e-01   6.9870085251e-01   1.9229626864e-16
  -3.3888888889e-01   3.7467640187e+00  -2.2682182574e-03   2.2682124246e-03   7.8539559100e-01   6.9903772143e-01   0.0000000000e+00
  -3.3333333333e-01   3.7236111173e+00  -7.5969471401e-04   7.5969454019e-04   7.8539787493e-01   6.9906733011e-01  -3.8459253728e-16
  -3.2777777778e-01   3.7118451142e+00   7.2850801491e-04  -7.2850781256e-04   7.8539789812e-01   6.9876635607e-01   0.0000000000e+00
  -3.2222222222e-01   3.7130936370e+00   1.9789845110e-03  -1.9789806403e-03   7.8539620521e-01   6.9827312316e-01  -7.6918507455e-16
  -3.1666666667e-01   3.7271152803e+00   2.5749056700e-03  -2.5748971480e-03   7.8539484830e-01   6.9781047878e-01  -7.6918507455e-16
  -3.1111111111e-01   3.7523725265e+00   2.0984547028e-03  -2.0984500894e-03   7.8539596168e-01   6.9749698153e-01   1.9229626864e-16
  -3.0555555556e-01   3.7867189949e+00   4.3423520394e-04  -4.3423649370e-04   7.8539806915e-01   6.9738851535e-01   0.0000000000e+00
  -3.0000000000e-01   3.8257780221e+00  -2.2264903855e-03   2.2264848794e-03   7.8539568486e-01   6.9772780758e-01  -3.8459253728e-16
  -2.9444444444e-01   3.8645994037e+00  -5.4523840046e-03   5.4523029585e-03   7.8538329927e-01   6.9868930621e-01  -3.8459253728e-16
  -2.8888888889e-01   3.9010403699e+00  -8.5714386500e-03   8.5711238080e-03   7.8536142954e-01   7.0028657623e-01  -1.9229626864e-16
  -2.8333333333e-01   3.9337007046e+00  -1.1246078536e-02   1.1245367446e-02   7.8533492891e-01   7.0245062162e-01  -3.8459253728e-16
  -2.7777777778e-01   3.9637169012e+00  -1.3742357014e-02   1.3741059575e-02   7.8530374314e-01   7.0534727840e-01   0.0000000000e+00
  -2.7222222222e-01   3.9905988939e+00  -1.6349563085e-02   1.6347378365e-02   7.8526452118e-01   7.0892645609e-01  -1.9229626864e-16
  -2.6666666667e-01   4.0121869563e+00  -1.9165845576e-02   1.9162326392e-02   7.8521452114e-01   7.1304800646e-01   0.0000000000e+00
  -2.6111111111e-01   4.0269794608e+00  -2.1899681634e-02   2.1894431906e-02   7.8515840378e-01   7.1767431166e-01  -3.8459253728e-16
  -2.5555555556e-01   4.0332691700e+00  -2.4117555839e-02   2.4110544907e-02   7.8510739150e-01   7.2271525155e-01   1.9229626864e-16
  -2.5000000000e-01   4.0329132164e+00  -2.5869100136e-02   2.5860448778e-02   7.8506363292e-01   7.2785836036e-01   0.0000000000e+00
  -2.4444444444e-01   4.0282039428e+00  -2.7400971648e-02   2.7390690867e-02   7.8502285069e-01   7.3292395776e-01   1.9229626864e-16
  -2.3888888889e-01   4.0194893554e+00  -2.8643103498e-02   2.8631360813e-02   7.8498806181e-01   7.3804051127e-01  -3.8459253728e-16
  -2.3333333333e-01   4.0051682294e+00  -2.9545561066e-02   2.9532673714e-02   7.8496182033e-01   7.4314558287e-01   0.0000000000e+00
  -2.2777777778e-01   3.9859299586e+00  -3.0305718701e-02   3.0291811640e-02   7.8493908567e-01   7.4826373913e-01   0.0000000000e+00
  -2.2222222222e-01   3.9624740135e+00  -3.0993104340e-02   3.0978229457e-02   7.8491803081e-01   7.5347062190e-01  -1.9229626864e-16
  -2.1666666667e-01   3.9358848106e+00  -3.1722179974e-02   3.1706231135e-02   7.8489518375e-01   7.5889443921e-01   0.0000000000e+00
  -2.1111111111e-01   3.9059740656e+00  -3.2678520085e-02   3.2661085686e-02   7.8486441051e-01   7.6441879864e-01  -3.8459253728e-16
  -2.0555555556e-01   3.8720112723e+00  -3.3715178503e-02   3.3696032798e-02   7.8483002204e-01   7.6974660332e-01   0.0000000000e+00
  -2.0000000000e-01   3.8360604818e+00  -3.4569530647e-02   3.4548893115e-02   7.8480087512e-01   7.7467793730e-01  -1.9229626864e-16
  -1.9444444444e-01   3.7996174050e+00  -3.5052977193e-02   3.5031461933e-02   7.8478405929e-01   7.7932954611e-01  -1.9229626864e-16
  -1.8888888889e-01   3.7635424028e+00  -3.5078928974e-02   3.5057366037e-02   7.8478315004e-01   7.8398048189e-01   0.0000000000e+00
  -1.8333333333e-01   3.7300398918e+00  -3.4780114220e-02   3.4759097546e-02   7.8479357898e-01   7.8871033498e-01   0.0000000000e+00
  -1.7777777778e-01   3.7023295186e+00  -3.4428894192e-02   3.4408507104e-02   7.8480572311e-01   7.9341998984e-01   1.9229626864e-16
  -1.7222222222e-01   3.6801399609e+00  -3.4248102250e-02   3.4228034654e-02   7.8481192630e-01   7.9806612123e-01   0.0000000000e+00
  -1.6666666667e-01   3.6614861638e+00  -3.4212021861e-02   3.4192017572e-02   7.8481316040e-01   8.0249098633e-01   0.0000000000e+00
  -1.6111111111e-01   3.6460781790e+00  -3.4125546407e-02   3.4105693490e-02   7.8481611277e-01   8.0641758790e-01   1.9229626864e-16
  -1.5555555556e-01   3.6353782810e+00  -3.3951732352e-02   3.3932181071e-02   7.8482202471e-01   8.0938921706e-01   0.0000000000e+00
  -1.5000000000e-01   3.6310650632e+00  -3.3797396526e-02   3.3778110609e-02   7.8482724871e-01   8.1117674521e-01   0.0000000000e+00
  -1.4444444444e-01   3.6343837508e+00  -3.3701596754e-02   3.3682473977e-02   7.8483047946e-01   8.1174789423e-01   0.0000000000e+00
  -1.3888888889e-01   3.6435514457e+00  -3.3760125841e-02   3.3740903305e-02   7.8482850670e-01   8.1146602215e-01   1.9229626864e-16
  -1.3333333333e-01   3.6537355512e+00  -3.4333850860e-02   3.4313632387e-02   7.8480898817e-01   8.1069936811e-01  -3.8459253728e-16
  -1.2777777778e-01   3.6606461091e+00  -3.5466512593e-02   3.5444227514e-02   7.8476949019e-01   8.0963520370e-01   1.9229626864e-16
  -1.2222222222e-01   3.6633482920e+00  -3.6796404015e-02   3.6771518537e-02   7.8472148103e-01   8.0862861263e-01   0.0000000000e+00
  -1.1666666667e-01   3.6600950331e+00  -3.8163876557e-02   3.8136114322e-02   7.8467027595e-01   8.0807902691e-01   1.9229626864e-16
  -1.1111111111e-01   3.6482840474e+00  -3.9648930950e-02   3.9617802809e-02   7.8461255606e-01   8.0822549513e-01   1.9229626864e-16
  -1.0555555556e-01   3.6305183441e+00  -4.0959232811e-02   4.0924918357e-02   7.8455980272e-01   8.0888397873e-01   0.0000000000e+00
  -1.0000000000e-01   3.6108812755e+00  -4.1818499846e-02   4.1781981864e-02   7.8452427911e-01   8.0953766426e-01   1.9229626864e-16
  -9.4444444444e-02   3.5917987638e+00  -4.2284132518e-02   4.2246382223e-02   7.8450472170e-01   8.0991388548e-01   0.0000000000e+00
  -8.8888888889e-02   3.5734078567e+00  -4.2600025950e-02   4.2561424149e-02   7.8449133063e-01   8.1017552068e-01  -3.8459253728e-16
  -8.3333333333e-02   3.5551725070e+00  -4.2876357738e-02   4.2837000625e-02   7.8447953503e-01   8.1041050452e-01  -3.8459253728e-16
  -7.7777777778e-02   3.5357367195e+00  -4.3127210341e-02   4.3087159043e-02   7.8446876118e-01   8.1073105852e-01   0.0000000000e+00
  -7.2222222222e-02   3.5139758195e+00  -4.3297619217e-02   4.3257091508e-02   7.8446140658e-01   8.1129488480e-01   1.9229626864e-16
  -6.6666666667e-02   3.4903429275e+00  -4.3354911221e-02   4.3314222710e-02   7.8445892743e-01   8.1208697824e-01  -3.8459253728e-16
  -6.1111111111e-02   3.4662938689e+00  -4.3352249464e-02   4.3311568460e-02   7.8445904263e-01   8.1293973510e-01   1.9229626864e-16
  -5.5555555556e-02   3.4432908740e+00  -4.3439113871e-02   4.3398188100e-02   7.8445527787e-01   8.1379913448e-01  -1.9229626864e-16
  -5.0000000000e-02   3.4217204399e+00  -4.3735921533e-02   4.3694151777e-02   7.8444235705e-01   8.1462155647e-01   1.9229626864e-16
  -4.4444444444e-02   3.4019018615e+00  -4.4301783711e-02   4.4258373335e-02   7.8441748055e-01   8.1538789072e-01   0.0000000000e+00
  -3.8888888889e-02   3.3840308379e+00  -4.5172779178e-02   4.5126760368e-02   7.8437856652e-01   8.1618290520e-01   0.0000000000e+00
  -3.3333333333e-02   3.3679014160e+00  -4.6333877205e-02   4.6284221690e-02   7.8432551647e-01   8.1710925339e-01   0.0000000000e+00
  -2.7777777778e-02   3.3540742955e+00  -4.7689232540e-02   4.7635096078e-02   7.8426189274e-01   8.1811360383e-01  -3.8459253728e-16
  -2.2222222222e-02   3.3436134149e+00  -4.9089086603e-02   4.9030047397e-02   7.8419426055e-01   8.1905607792e-01   0.0000000000e+00
  -1.6666666667e-02   3.3375430725e+00  -5.0477884187e-02   5.0413697564e-02   7.8412523543e-01   8.1982422230e-01   1.9229626864e-16
  -1.1111111111e-02   3.3365157985e+00  -5.1875080590e-02   5.1805422703e-02   7.8405385633e-01   8.2038201395e-01   0.0000000000e+00
  -5.5555555556e-03   3.3396512798e+00  -5.3173699989e-02   5.3098686231e-02   7.8398577230e-01   8.2082983123e-01   0.0000000000e+00
   0.0000000000e+00   3.3452825618e+00  -5.4235328728e-02   5.4155738523e-02   7.8392886741e-01   8.2114989487e-01  -1.9229626864e-16
   5.5555555556e-03   3.3532205453e+00  -5.5098125162e-02   5.5014681490e-02   7.8388179485e-01   8.2132137118e-01  -7.6918507455e-16
   1.1111111111e-02   3.3624379255e+00  -5.5706470647e-02   5.5620236877e-02   7.8384815986e-01   8.2133211555e-01   0.0000000000e+00
   1.6666666667e-02   3.3732036692e+00  -5.6122463157e-02   5.6034286107e-02   7.8382494816e-01   8.2118513698e-01  -3.8459253728e-16
   2.2222222222e-02   3.3861886104e+00  -5.6454065979e-02   5.6364319113e-02   7.8380632212e-01   8.2086432350e-01   0.0000000000e+00
   2.7777777778e-02   3.4006825667e+00  -5.6652042225e-02   5.6561349328e-02   7.8379514974e-01   8.2042401449e-01   0.0000000000e+00
   3.3333333333e-02   3.4146593600e+00  -5.6483640307e-02   5.6393752492e-02   7.8380465558e-01   8.2002617566e-01  -3.8459253728e-16
   3.8888888889e-02   3.4260659479e+00  -5.5780320314e-02   5.5693743681e-02   7.8384405176e-01   8.1978514772e-01   0.0000000000e+00
   4.4444444444e-02   3.4346010410e+00  -5.4582568921e-02   5.4501442333e-02   7.8391001158e-01   8.1974350705e-01  -3.8459253728e-16
   5.0000000000e-02   3.4393063843e+00  -5.2870158454e-02   5.2796420341e-02   7.8400183656e-01   8.1991968343e-01  -3.8459253728e-16
   5.5555555556e-02   3.4409495153e+00  -5.0819880180e-02   5.0754381889e-02   7.8410794325e-01   8.2025497045e-01   0.0000000000e+00
   6.1111111111e-02   3.4404610101e+00  -4.8637229646e-02   4.8579803806e-02   7.8421630470e-01   8.2053929727e-01   0.0000000000e+00
   6.6666666667e-02   3.4375285981e+00  -4.6315119508e-02   4.6265524362e-02   7.8432638421e-01   8.2063426271e-01   0.0000000000e+00
   7.2222222222e-02   3.4324426374e+00  -4.3817154145e-02   4.3775151414e-02   7.8443880553e-01   8.2045154929e-01  -3.8459253728e-16
   7.7777777778e-02   3.4258521866e+00  -4.1118937725e-02   4.1084220459e-02   7.8455325592e-01   8.1996866563e-01   0.0000000000e+00
   8.3333333333e-02   3.4188438092e+00  -3.8268918379e-02   3.8240926668e-02   7.8466626545e-01   8.1921484095e-01  -3.8459253728e-16
   8.8888888889e-02   3.4128797394e+00  -3.5277163493e-02   3.5255233355e-02   7.8477618215e-01   8.1817321991e-01   0.0000000000e+00
   9.4444444444e-02   3.4086181295e+00  -3.2152408492e-02   3.2135802362e-02   7.8488145280e-01   8.1679349559e-01  -3.8459253728e-16
   1.0000000000e-01   3.4061664437e+00  -2.8920478029e-02   2.8908391275e-02   7.8498008296e-01   8.1505744004e-01  -3.8459253728e-16
   1.0555555556e-01   3.4054655769e+00  -2.5632889877e-02   2.5624473486e-02   7.8506971278e-01   8.1291965169e-01   0.0000000000e+00
   1.1111111111e-01   3.4065313806e+00  -2.2348753718e-02   2.2343174765e-02   7.8514847159e-01   8.1042793693e-01   0.0000000000e+00
   1.1666666667e-01   3.4093337599e+00  -1.9162044195e-02   1.9158526911e-02   7.8521459395e-01   8.0774283947e-01   0.0000000000e+00
   1.2222222222e-01   3.4134940985e+00  -1.6326159301e-02   1.6323984648e-02   7.8526490357e-01   8.0506883246e-01   0.0000000000e+00
   1.2777777778e-01   3.4178732890e+00  -1.4118801608e-02   1.4117394506e-02   7.8529849980e-01   8.0264716080e-01  -3.8459253728e-16
   1.3333333333e-01   3.4218359948e+00  -1.2588068910e-02   1.2587071740e-02   7.8531893784e-01   8.0047128107e-01  -7.6918507455e-16
   1.3888888889e-01   3.4252266829e+00  -1.1554656230e-02   1.1553885001e-02   7.8533141141e-01   7.9843107138e-01   0.0000000000e+00
   1.4444444444e-01   3.4285401545e+00  -1.0760383655e-02   1.0759760770e-02   7.8534027276e-01   7.9645603951e-01  -3.8459253728e-16
   1.5000000000e-01   3.4323695626e+00  -1.0044009898e-02   1.0043503313e-02   7.8534772408e-01   7.9457271947e-01   0.0000000000e+00
   1.5555555556e-01   3.4376940423e+00  -9.3804933122e-03   9.3800806360e-03   7.8535416784e-01   7.9270033647e-01   1.9229626864e-16
   1.6111111111e-01   3.4453310516e+00  -8.9372853825e-03   8.9369284761e-03   7.8535822691e-01   7.9072496740e-01  -3.8459253728e-16
   1.6666666667e-01   3.4563149737e+00  -8.9517807972e-03   8.9514221527e-03   7.8535809735e-01   7.8851053413e-01   0.0000000000e+00
   1.7222222222e-01   3.4722845461e+00  -9.5866737585e-03   9.5862332677e-03   7.8535221265e-01   7.8580649499e-01   0.0000000000e+00
   1.7777777778e-01   3.4949813365e+00  -1.0854025668e-02   1.0853386380e-02   7.8533926086e-01   7.8236475939e-01   1.9229626864e-16
   1.8333333333e-01   3.5249543590e+00  -1.2745964821e-02   1.2744929611e-02   7.8531693798e-01   7.7813580803e-01  -3.8459253728e-16
   1.8888888889e-01   3.5615302986e+00  -1.5145123958e-02   1.5143387361e-02   7.8528348483e-01   7.7324448199e-01  -3.8459253728e-16
   1.9444444444e-01   3.6028077606e+00  -1.7719770974e-02   1.7716989939e-02   7.8524118473e-01   7.6802282557e-01   0.0000000000e+00
   2.0000000000e-01   3.6471816565e+00  -2.0102577463e-02   2.0098516804e-02   7.8519613377e-01   7.6270863152e-01   0.0000000000e+00
   2.0555555556e-01   3.6937787977e+00  -2.2069112490e-02   2.2063740518e-02   7.8515468006e-01   7.5740929562e-01   1.9229626864e-16
   2.1111111111e-01   3.7424612545e+00  -2.3560369438e-02   2.3553833371e-02   7.8512066930e-01   7.5216273779e-01  -3.8459253728e-16
   2.1666666667e-01   3.7926413580e+00  -2.4557865134e-02   2.4550463585e-02   7.8509667969e-01   7.4696816060e-01  -3.8459253728e-16
   2.2222222222e-01   3.8422595671e+00  -2.4957389663e-02   2.4949621000e-02   7.8508679242e-01   7.4192964972e-01   0.0000000000e+00
   2.2777777778e-01   3.8889701385e+00  -2.4635709538e-02   2.4628236927e-02   7.8509476569e-01   7.3719604933e-01   1.9229626864e-16
   2.3333333333e-01   3.9307795398e+00  -2.3596404353e-02   2.3589838339e-02   7.8511981997e-01   7.3291093945e-01  -3.8459253728e-16
   2.3888888889e-01   3.9660170574e+00  -2.1893652883e-02   2.1888407948e-02   7.8515853574e-01   7.2907399322e-01   0.0000000000e+00
   2.4444444444e-01   3.9939621435e+00  -1.9657794543e-02   1.9653997404e-02   7.8520497391e-01   7.2559034861e-01   0.0000000000e+00
   2.5000000000e-01   4.0148649888e+00  -1.7085543777e-02   1.7083050582e-02   7.8525221972e-01   7.2242050541e-01  -3.8459253728e-16
   2.5555555556e-01   4.0279777075e+00  -1.4220745146e-02   1.4219307457e-02   7.8529705545e-01   7.1970322171e-01  -3.8459253728e-16
   2.6111111111e-01   4.0317717956e+00  -1.1012843675e-02   1.1012175914e-02   7.8533752453e-01   7.1772357534e-01   0.0000000000e+00
   2.6666666667e-01   4.0247723645e+00  -7.3978528094e-03   7.3976503823e-03   7.8537079981e-01   7.1675301181e-01  -3.8459253728e-16
   2.7222222222e-01   4.0079516099e+00  -3.3497079060e-03   3.3496891208e-03   7.8539255318e-01   7.1676170497e-01   0.0000000000e+00
   2.7777777778e-01   3.9844109075e+00   9.0311672332e-04  -9.0311641088e-04   7.8539775563e-01   7.1748027275e-01   0.0000000000e+00
   2.8333333333e-01   3.9581269575e+00   4.9869021248e-03  -4.9868401139e-03   7.8538572898e-01   7.1851338541e-01   0.0000000000e+00
   2.8888888889e-01   3.9319375185e+00   8.5775658459e-03  -8.5772503243e-03   7.8536137705e-01   7.1942202340e-01   0.0000000000e+00
   2.9444444444e-01   3.9072216436e+00   1.1423295467e-02  -1.1422550230e-02   7.8533292047e-01   7.1971030860e-01   1.9229626864e-16
   3.0000000000e-01   3.8843140920e+00   1.3394131685e-02  -1.3392930393e-02   7.8530846747e-01   7.1894631007e-01   0.0000000000e+00
   3.0555555556e-01   3.8625266290e+00   1.4486742382e-02  -1.4485222504e-02   7.8529323788e-01   7.1686715276e-01   0.0000000000e+00
   3.1111111111e-01   3.8407069014e+00   1.4591109193e-02  -1.4589556234e-02   7.8529172074e-01   7.1347238656e-01   0.0000000000e+00
   3.1666666667e-01   3.8183212775e+00   1.3750301850e-02  -1.3749002160e-02   7.8530363403e-01   7.0897609931e-01   0.0000000000e+00
   3.2222222222e-01   3.7945160092e+00   1.2176627646e-02  -1.2175725043e-02   7.8532403199e-01   7.0383966270e-01   0.0000000000e+00
   3.2777777778e-01   3.7683232696e+00   1.0199974194e-02  -1.0199443647e-02   7.8534614550e-01   6.9858911024e-01  -3.8459253728e-16
   3.3333333333e-01   3.7398202536e+00   8.2778349033e-03  -8.2775513192e-03   7.8536390297e-01   6.9343793202e-01  -1.9229626864e-16
   3.3888888889e-01   3.7093455488e+00   6.5852098139e-03  -6.5850670390e-03   7.8537648126e-01   6.8839347093e-01   0.0000000000e+00
   3.4444444444e-01   3.6780962812e+00   4.9340287949e-03  -4.9339687352e-03   7.8538599121e-01   6.8348569009e-01   1.9229626864e-16
   3.5000000000e-01   3.6477191077e+00   3.1440774867e-03  -3.1440619639e-03   7.8539322079e-01   6.7866612237e-01   0.0000000000e+00
   3.5555555556e-01   3.6198974687e+00   1.3640922766e-03  -1.3640910118e-03   7.8539723300e-01   6.7411710665e-01   0.0000000000e+00
   3.6111111111e-01   3.5957348679e+00  -1.3825987622e-04   1.3826029445e-04   7.8539815391e-01   6.7025487309e-01   0.0000000000e+00
   3.6666666667e-01   3.5769619634e+00  -1.0426416437e-03   1.0426410838e-03   7.8539761984e-01   6.6717144703e-01   0.0000000000e+00
   3.7222222222e-01   3.5661409179e+00  -1.0254919751e-03   1.0254914829e-03   7.8539763756e-01   6.6486099986e-01   0.0000000000e+00
   3.7777777778e-01   3.5645424044e+00  -1.3626266337e-05   1.3626307639e-05   7.8539816340e-01   6.6317586196e-01   0.0000000000e+00
   3.8333333333e-01   3.5715160917e+00   1.8521911535e-03  -1.8521879736e-03   7.8539644806e-01   6.6207829847e-01  -3.8459253728e-16
   3.8888888889e-01   3.5838522419e+00   4.3837266544e-03  -4.3836845471e-03   7.8538855498e-01   6.6185738869e-01   0.0000000000e+00
   3.9444444444e-01   3.5961629810e+00   7.5028317709e-03  -7.5026206091e-03   7.8537001771e-01   6.6273944661e-01   0.0000000000e+00
   4.0000000000e-01   3.6040328686e+00   1.1449360460e-02  -1.1448610106e-02   7.8533262231e-01   6.6496418967e-01   0.0000000000e+00
   4.0555555556e-01   3.6083632372e+00   1.6169237397e-02  -1.6167124161e-02   7.8526745277e-01   6.6852077618e-01   0.0000000000e+00
   4.1111111111e-01   3.6121924631e+00   2.1389993921e-02  -2.1385102358e-02   7.8516943233e-01   6.7310421609e-01  -3.8459253728e-16
   4.1666666667e-01   3.6165469414e+00   2.6594846422e-02  -2.6585446688e-02   7.8504460381e-01   6.7841289633e-01  -3.8459253728e-16
   4.2222222222e-01   3.6207498309e+00   3.1234566353e-02  -3.1219341414e-02   7.8491052286e-01   6.8397014052e-01   3.8459253728e-16
   4.2777777778e-01   3.6246277409e+00   3.5022644425e-02  -3.5001184968e-02   7.8478512111e-01   6.8913421467e-01   0.0000000000e+00
   4.3333333333e-01   3.6312962411e+00   3.7631055183e-02  -3.7604438920e-02   7.8469044926e-01   6.9318371548e-01   0.0000000000e+00
   4.3888888889e-01   3.6433833522e+00   3.9024018766e-02  -3.8994338407e-02   7.8463711249e-01   6.9564216597e-01   1.9229626864e-16
   4.4444444444e-01   3.6625914829e+00   3.9511869502e-02  -3.9481062776e-02   7.8461797531e-01   6.9629850127e-01   1.9229626864e-16
   4.5000000000e-01   3.6910216072e+00   3.9524122589e-02  -3.9493287465e-02   7.8461749160e-01   6.9514830294e-01   1.9229626864e-16
   4.5555555556e-01   3.7296187198e+00   3.9482159107e-02  -3.9451421894e-02   7.8461914756e-01   6.9210245657e-01  -3.8459253728e-16
   4.6111111111e-01   3.7763995158e+00   3.9673476961e-02  -3.9642291065e-02   7.8461158357e-01   6.8743290071e-01  -1.9229626864e-16
   4.6666666667e-01   3.8297764741e+00   3.9913329090e-02  -3.9881574600e-02   7.8460204909e-01   6.8190654775e-01  -3.8459253728e-16
   4.7222222222e-01   3.8898900807e+00   4.0076106652e-02  -4.0043962439e-02   7.8459554581e-01   6.7628890665e-01   0.0000000000e+00
   4.7777777778e-01   3.9555782613e+00   4.0362651075e-02  -4.0329813051e-02   7.8458403350e-01   6.7103407938e-01   0.0000000000e+00
   4.8333333333e-01   4.0253575246e+00   4.0867820818e-02  -4.0833735187e-02   7.8456353846e-01   6.6643680248e-01   0.0000000000e+00
   4.8888888889e-01   4.0986847197e+00   4.1314164704e-02  -4.1278951063e-02   7.8454521831e-01   6.6281216213e-01   0.0000000000e+00
   4.9444444444e-01   4.1749546175e+00   4.1373552366e-02  -4.1338186726e-02   7.8454276578e-01   6.6015579078e-01   0.0000000000e+00
   5.0000000000e-01   4.2550744403e+00   4.0934160153e-02  -4.0899908513e-02   7.8456082819e-01   6.5832817896e-01   0.0000000000e+00
   5.0555555556e-01   4.3382663462e+00   3.9844335054e-02  -3.9812744923e-02   7.8460479762e-01   6.5692762752e-01   0.0000000000e+00
   5.1111111111e-01   4.4232229532e+00   3.7845818608e-02  -3.7818744263e-02   7.8468235203e-01   6.5535535737e-01   0.0000000000e+00
   5.1666666667e-01   4.5051687188e+00   3.4783023266e-02  -3.4762001239e-02   7.8479347784e-01   6.5310993694e-01   0.0000000000e+00
   5.2222222222e-01   4.5770706662e+00   3.0542145497e-02  -3.0527910511e-02   7.8493189704e-01   6.5012545516e-01   0.0000000000e+00
   5.2777777778e-01   4.6332871252e+00   2.5376862873e-02  -2.5368695581e-02   7.8507623996e-01   6.4692248110e-01   1.9229626864e-16
   5.3333333333e-01   4.6702907318e+00   1.9914742843e-02  -1.9910795002e-02   7.8519989115e-01   6.4430944482e-01   1.9229626864e-16
   5.3888888889e-01   4.6893205160e+00   1.4288439763e-02  -1.4286981443e-02   7.8529609067e-01   6.4319808200e-01   3.8459253728e-16
   5.4444444444e-01   4.6909262863e+00   8.2173937857e-03  -8.2171163624e-03   7.8536440136e-01   6.4397053383e-01  -3.8459253728e-16
   5.5000000000e-01   4.6771929283e+00   1.8327003172e-03  -1.8326972398e-03   7.8539648409e-01   6.4601149771e-01   1.9229626864e-16
   5.5555555556e-01   4.6503076532e+00  -4.0623065653e-03   4.0622730550e-03   7.8538991235e-01   6.4849664592e-01   0.0000000000e+00
   5.6111111111e-01   4.6140914453e+00  -8.7773323170e-03   8.7769942316e-03   7.8535964365e-01   6.5121329460e-01  -3.8459253728e-16
   5.6666666667e-01   4.5756879268e+00  -1.1860294457e-02   1.1859460381e-02   7.8532783341e-01   6.5420649385e-01   1.9229626864e-16
   5.7222222222e-01   4.5381992606e+00  -1.3562186623e-02   1.3560939545e-02   7.8530620261e-01   6.5739664426e-01   1.9229626864e-16
   5.7777777778e-01   4.5048105798e+00  -1.4548081278e-02   1.4546542013e-02   7.8529234753e-01   6.6080648185e-01  -3.8459253728e-16
   5.8333333333e-01   4.4768291612e+00  -1.5278885543e-02   1.5277102493e-02   7.8528145038e-01   6.6424879413e-01   0.0000000000e+00
   5.8888888889e-01   4.4537703685e+00  -1.5929671844e-02   1.5927651142e-02   7.8527129696e-01   6.6750638405e-01   4.8074067160e-16
   5.9444444444e-01   4.4350325078e+00  -1.6268886875e-02   1.6266734333e-02   7.8526583683e-01   6.7035772655e-01   1.9229626864e-16
   6.0000000000e-01   4.4219471681e+00  -1.5840578021e-02   1.5838591029e-02   7.8527271203e-01   6.7244478909e-01   1.9229626864e-16
   6.0555555556e-01   4.4211312056e+00  -1.4384382598e-02   1.4382894710e-02   7.8529471535e-01   6.7379556952e-01   0.0000000000e+00
   6.1111111111e-01   4.4299981743e+00  -1.1963600493e-02   1.1962744434e-02   7.8532660303e-01   6.7380399344e-01   0.0000000000e+00
   6.1666666667e-01   4.4492241142e+00  -8.8858242308e-03   8.8854734526e-03   7.8535868554e-01   6.7227346794e-01  -3.8459253728e-16
   6.2222222222e-01   4.4778599527e+00  -5.6794620777e-03   5.6793704915e-03   7.8538203545e-01   6.6924179410e-01  -5.7688880592e-16
   6.2777777778e-01   4.5131442314e+00  -2.9646198651e-03   2.9646068317e-03   7.8539376895e-01   6.6446370412e-01  -3.8459253728e-16
   6.3333333333e-01   4.5521206578e+00  -1.5980088727e-03   1.5980068649e-03   7.8539688667e-01   6.5791085800e-01  -1.9229626864e-16
   6.3888888889e-01   4.5873069495e+00  -2.1825646298e-03   2.1825594394e-03   7.8539578162e-01   6.4980762512e-01   0.0000000000e+00
   6.4444444444e-01   4.6174652653e+00  -4.6452045740e-03   4.6451544560e-03   7.8538737455e-01   6.4087551134e-01   0.0000000000e+00
   6.5000000000e-01   4.6494470667e+00  -8.3939699260e-03   8.3936742350e-03   7.8536293491e-01   6.3218709739e-01  -3.8459253728e-16
   6.5555555556e-01   4.6811978954e+00  -1.2795936314e-02   1.2794888876e-02   7.8531629987e-01   6.2435287896e-01   1.9229626864e-16
   6.6111111111e-01   4.7091421943e+00  -1.7047200722e-02   1.7044724273e-02   7.8525287393e-01   6.1764167775e-01   0.0000000000e+00
   6.6666666667e-01   4.7394133832e+00  -2.0248575912e-02   2.0244426230e-02   7.8519318902e-01   6.1268239852e-01   1.9229626864e-16
   6.7222222222e-01   4.7753898515e+00  -2.1784773038e-02   2.1779605670e-02   7.8516091279e-01   6.0949086075e-01   0.0000000000e+00
   6.7777777778e-01   4.8190585520e+00  -2.2058867294e-02   2.2053502463e-02   7.8515490607e-01   6.0747766654e-01   0.0000000000e+00
   6.8333333333e-01   4.8718232781e+00  -2.0783233390e-02   2.0778746314e-02   7.8518222314e-01   6.0605618882e-01   0.0000000000e+00
   6.8888888889e-01   4.9300507258e+00  -1.7653036405e-02   1.7650286477e-02   7.8524236482e-01   6.0544954368e-01   0.0000000000e+00
   6.9444444444e-01   4.9763286111e+00  -1.3889335771e-02   1.3887996261e-02   7.8530171276e-01   6.0576768819e-01  -1.9229626864e-16
   7.0000000000e-01   5.0046679769e+00  -1.0342775296e-02   1.0342222151e-02   7.8534467889e-01   6.0684856949e-01   1.9229626864e-16
   7.0555555556e-01   5.0175358450e+00  -7.6983041851e-03   7.6980760828e-03   7.8536853214e-01   6.0849656686e-01   0.0000000000e+00
   7.1111111111e-01   5.0231385932e+00  -5.4183007984e-03   5.4182212740e-03   7.8538348453e-01   6.0987004720e-01   1.9229626864e-16
   7.1666666667e-01   5.0351143701e+00  -2.4323371713e-03   2.4323299987e-03   7.8539520527e-01   6.1023260893e-01  -3.8459253728e-16
   7.2222222222e-01   5.0546037175e+00   1.5949955038e-03  -1.5949935023e-03   7.8539689148e-01   6.0904009215e-01  -3.8459253728e-16
   7.2777777778e-01   5.0725776261e+00   6.4997348014e-03  -6.4995975168e-03   7.8537704048e-01   6.0603947953e-01   1.9229626864e-16
   7.3333333333e-01   5.0847626942e+00   1.1244503617e-02  -1.1243792823e-02   7.8533494669e-01   6.0190008335e-01  -1.9229626864e-16
   7.3888888889e-01   5.0899323359e+00   1.4692050573e-02  -1.4690465163e-02   7.8529024296e-01   5.9759168762e-01   0.0000000000e+00
   7.4444444444e-01   5.0884279930e+00   1.6822757131e-02  -1.6820377201e-02   7.8525667421e-01   5.9367038288e-01   1.9229626864e-16
   7.5000000000e-01   5.0853576167e+00   1.7977662408e-02  -1.7974757988e-02   7.8523658263e-01   5.9027569579e-01  -3.8459253728e-16
   7.5555555556e-01   5.0749476768e+00   1.7864421293e-02  -1.7861571404e-02   7.8523861165e-01   5.8656276676e-01   0.0000000000e+00
   7.6111111111e-01   5.0545325262e+00   1.6580216315e-02  -1.6577937832e-02   7.8526072429e-01   5.8175080803e-01  -5.7688880592e-16
   7.6666666667e-01   5.0257088971e+00   1.4358249150e-02  -1.4356769356e-02   7.8529509088e-01   5.7620355472e-01   1.9229626864e-16
   7.7222222222e-01   4.9943944764e+00   1.1248971183e-02  -1.1248259545e-02   7.8533489648e-01   5.7070458899e-01   0.0000000000e+00
   7.7777777778e-01   4.9643321032e+00   7.5160717833e-03  -7.5158594986e-03   7.8536991835e-01   5.6541228685e-01   0.0000000000e+00
   7.8333333333e-01   4.9394589990e+00   4.0554033875e-03  -4.0553700522e-03   7.8538994035e-01   5.6084296395e-01   0.0000000000e+00
   7.8888888889e-01   4.9216124296e+00   2.0354980502e-03  -2.0354938263e-03   7.8539609186e-01   5.5723041665e-01   1.9229626864e-16
   7.9444444444e-01   4.9134846390e+00   2.2561117238e-03  -2.2561059817e-03   7.8539561837e-01   5.5423653614e-01  -3.8459253728e-16
   8.0000000000e-01   4.9106198226e+00   4.4377679095e-03  -4.4377242093e-03   7.8538831665e-01   5.5100473276e-01   0.0000000000e+00
   8.0555555556e-01   4.9055907577e+00   8.1839729485e-03  -8.1836989001e-03   7.8536467550e-01   5.4656132490e-01   0.0000000000e+00
   8.1111111111e-01   4.8939194419e+00   1.2672143422e-02  -1.2671126091e-02   7.8531787612e-01   5.4017227776e-01   0.0000000000e+00
   8.1666666667e-01   4.8630187605e+00   1.6177899506e-02  -1.6175782873e-02   7.8526731268e-01   5.3062693655e-01  -3.8459253728e-16
   8.2222222222e-01   4.8128605471e+00   1.8426537698e-02  -1.8423410283e-02   7.8522841396e-01   5.1847058181e-01  -1.9229626864e-16
   8.2777777778e-01   4.7513469253e+00   1.9976675143e-02  -1.9972690363e-02   7.8519865620e-01   5.0499784800e-01   0.0000000000e+00
   8.3333333333e-01   4.6844283910e+00   2.0190283075e-02  -2.0186169122e-02   7.8519436731e-01   4.9069368540e-01  -3.8459253728e-16
   8.3888888889e-01   4.6199517071e+00   1.7476998901e-02  -1.7474330407e-02   7.8524545626e-01   4.7563531918e-01   1.9229626864e-16
   8.4444444444e-01   4.5655315319e+00   1.1204084198e-02  -1.1203381045e-02   7.8533540024e-01   4.6043353328e-01   0.0000000000e+00
   8.5000000000e-01   4.5263379621e+00   2.2745683931e-03  -2.2745625136e-03   7.8539557659e-01   4.4599471962e-01   0.0000000000e+00
   8.5555555556e-01   4.5082277406e+00  -7.8608057382e-03   7.8605628859e-03   7.8536726792e-01   4.3270342022e-01   0.0000000000e+00
   8.6111111111e-01   4.5107365456e+00  -1.7481378648e-02   1.7478708147e-02   7.8524537970e-01   4.2061482943e-01   1.9229626864e-16
   8.6666666667e-01   4.5183125052e+00  -2.5439288931e-02   2.5431061407e-02   7.8507465455e-01   4.0876478544e-01   0.0000000000e+00
   8.7222222222e-01   4.5179984833e+00  -3.1475551585e-02   3.1459971764e-02   7.8490297170e-01   3.9643084932e-01   1.9229626864e-16
   8.7777777778e-01   4.5100823987e+00  -3.5912888931e-02   3.5889752512e-02   7.8475357261e-01   3.8394303170e-01   1.9229626864e-16
   8.8333333333e-01   4.5024876604e+00  -3.8216995527e-02   3.8189117684e-02   7.8466824926e-01   3.7185879353e-01   0.0000000000e+00
   8.8888888889e-01   4.5016135379e+00  -3.7274672719e-02   3.7248805234e-02   7.8470378430e-01   3.6107131149e-01   0.0000000000e+00
   8.9444444444e-01   4.5112917791e+00  -3.3737640504e-02   3.3718456530e-02   7.8482926502e-01   3.5242411229e-01   1.9229626864e-16
   9.0000000000e-01   4.5290281879e+00  -2.8333412530e-02   2.8322046721e-02   7.8499687964e-01   3.4586039919e-01  -3.8459253728e-16
   9.0555555556e-01   4.5559377190e+00  -2.2598748768e-02   2.2592980412e-02   7.8514285513e-01   3.4188932662e-01   1.9229626864e-16
   9.1111111111e-01   4.5955072818e+00  -1.8085885567e-02   1.8082928386e-02   7.8523463158e-01   3.4137674650e-01  -3.8459253728e-16
   9.1666666667e-01   4.6547943206e+00  -1.6290614525e-02   1.6288453344e-02   7.8526548313e-01   3.4566740442e-01   1.9229626864e-16
   9.2222222222e-01   4.7411740965e+00  -1.7784939789e-02   1.7782127763e-02   7.8524002813e-01   3.5696851145e-01   0.0000000000e+00
   9.2777777778e-01   4.8383757094e+00  -2.2309116573e-02   2.2303567121e-02   7.8514935630e-01   3.7591959547e-01   1.9229626864e-16
   9.3333333333e-01   4.9157891166e+00  -2.8370965415e-02   2.8359554375e-02   7.8499581557e-01   4.0164833445e-01   1.9229626864e-16
   9.3888888889e-01   4.9422769360e+00  -3.4516146159e-02   3.4495604100e-02   7.8480271765e-01   4.3288865942e-01  -3.8459253728e-16
   9.4444444444e-01   4.8835700334e+00  -3.9810384373e-02   3.9778875123e-02   7.8460614830e-01   4.6797708913e-01   1.9229626864e-16
   9.5000000000e-01   4.7049334081e+00  -4.3258797151e-02   4.3218378759e-02   7.8446308459e-01   5.0509997309e-01   0.0000000000e+00
   9.5555555556e-01   4.3771936594e+00  -4.4600931187e-02   4.4556636277e-02   7.8440420066e-01   5.4247476408e-01  -1.9229626864e-16
   9.6111111111e-01   3.8911907803e+00  -4.4382682903e-02   4.4339034411e-02   7.8441389799e-01   5.7778154001e-01   1.9229626864e-16
   9.6666666667e-01   3.2601483476e+00  -4.3410525019e-02   4.3369679776e-02   7.8445651783e-01   6.0874263918e-01   0.0000000000e+00
   9.7222222222e-01   2.5247332004e+00  -4.2596299489e-02   4.2557707814e-02   7.8449148915e-01   6.3380115689e-01   0.0000000000e+00
   9.7777777778e-01   1.7552033687e+00  -4.1591665099e-02   4.1555737699e-02   7.8453372840e-01   6.5202065519e-01   0.0000000000e+00
   9.8333333333e-01   1.0424449946e+00  -4.0392858608e-02   4.0359946762e-02   7.8458281510e-01   6.6355540547e-01  -1.9229626864e-16
   9.8888888889e-01   4.7685294081e-01  -3.9588749326e-02   3.9557762641e-02   7.8461493793e-01   6.6976932919e-01  -1.9229626864e-16
   9.9444444444e-01   1.2055897517e-01  -3.9004715632e-02   3.8975079287e-02   7.8463786496e-01   6.7207470104e-01   1.9229626864e-16
   1.0000000000e+00   0.0000000000e+00   0.0000000000e+00   0.0000000000e+00   0.0000000000e+00   0.0000000000e+00   0.0000000000e+00