# time = 1000
# Grid points = 547
# Pressure (Pa) = 101325
#             1_pos             2_posf             3_uvel             4_vvel             5_wvel
  -9.9859859485e-01  -1.0000000000e+00   2.3400120548e-01  -1.2978607599e-04  -1.2978607599e-04
  -9.9579578454e-01  -9.9719718969e-01   6.9709024404e-01  -3.4251386199e-04  -3.4251386199e-04
  -9.9240362240e-01  -9.9439437938e-01   1.2472911684e+00  -4.3592908204e-04  -4.3592908204e-04
  -9.8840234774e-01  -9.9041286543e-01   1.8832033357e+00  -7.3693130561e-05  -7.3693130561e-05
  -9.8434926963e-01  -9.8639183005e-01   2.5202167108e+00   1.0058653709e-03   1.0058653709e-03
  -9.8022341466e-01  -9.8230670921e-01   3.1599710153e+00   3.0751694285e-03   3.0751694285e-03
  -9.7600928428e-01  -9.7814012010e-01   3.8010248336e+00   6.4259357324e-03   6.4259357324e-03
  -9.7169036936e-01  -9.7387844846e-01   4.4423791557e+00   1.1367339317e-02   1.1367339317e-02
  -9.6724423347e-01  -9.6950229025e-01   5.0838561914e+00   1.8236158095e-02   1.8236158095e-02
  -9.6264317667e-01  -9.6498617669e-01   5.7255796159e+00   2.7409423591e-02   2.7409423591e-02
  -9.5785641980e-01  -9.6030017665e-01   6.3677810831e+00   3.9321530599e-02   3.9321530599e-02
  -9.5285664151e-01  -9.5541266295e-01   7.0108845303e+00   5.4491827972e-02   5.4491827972e-02
  -9.4763779331e-01  -9.5030062006e-01   7.6559188532e+00   7.3547903049e-02   7.3547903049e-02
  -9.4223851769e-01  -9.4497496656e-01   8.3026504998e+00   9.7030844293e-02   9.7030844293e-02
  -9.3809637933e-01  -9.3950206883e-01   8.7750630211e+00   1.1757659106e-01   1.1757659106e-01
  -9.3528500034e-01  -9.3669068984e-01   9.0864139264e+00   1.3240802033e-01   1.3240802033e-01
  -9.3240881997e-01  -9.3387931085e-01   9.4016292428e+00   1.4877435884e-01   1.4877435884e-01
  -9.2946783822e-01  -9.3093832910e-01   9.7228450201e+00   1.6683206261e-01   1.6683206261e-01
  -9.2643244614e-01  -9.2799734734e-01   1.0048116046e+01   1.8650360306e-01   1.8650360306e-01
  -9.2330264374e-01  -9.2486754494e-01   1.0371621621e+01   2.0760554272e-01   2.0760554272e-01
  -9.2005845515e-01  -9.2173774254e-01   1.0693896354e+01   2.3021213830e-01   2.3021213830e-01
  -9.1669988037e-01  -9.1837916776e-01   1.1013992837e+01   2.5435870970e-01   2.5435870970e-01
  -9.1318661215e-01  -9.1502059298e-01   1.1335228880e+01   2.8026567734e-01   2.8026567734e-01
  -9.0951865050e-01  -9.1135263132e-01   1.1655212700e+01   3.0785738133e-01   3.0785738133e-01
  -9.0564494485e-01  -9.0768466967e-01   1.1977221447e+01   3.3737174017e-01   3.3737174017e-01
  -9.0156549520e-01  -9.0360522002e-01   1.2298211586e+01   3.6864625062e-01   3.6864625062e-01
  -8.9723288608e-01  -8.9952577037e-01   1.2620112092e+01   4.0175097345e-01   4.0175097345e-01
  -8.9264711749e-01  -8.9494000179e-01   1.2939667381e+01   4.3638289109e-01   4.3638289109e-01
  -8.8775427585e-01  -8.9035423320e-01   1.3259600956e+01   4.7260214477e-01   4.7260214477e-01
  -8.8255436115e-01  -8.8515431850e-01   1.3576642012e+01   5.0992848425e-01   5.0992848425e-01
  -8.7854090642e-01  -8.7995440380e-01   1.3810665483e+01   5.3829028233e-01   5.3829028233e-01
  -8.7571391166e-01  -8.7712740904e-01   1.3972408014e+01   5.5811732529e-01   5.5811732529e-01
  -8.7288691690e-01  -8.7430041428e-01   1.4131447555e+01   5.7777446487e-01   5.7777446487e-01
  -8.7005992215e-01  -8.7147341953e-01   1.4287903434e+01   5.9720893754e-01   5.9720893754e-01
  -8.6711750103e-01  -8.6864642477e-01   1.4447877250e+01   6.1711353143e-01   6.1711353143e-01
  -8.6405965356e-01  -8.6558857730e-01   1.4610381678e+01   6.3729292006e-01   6.3729292006e-01
  -8.6100180610e-01  -8.6253072983e-01   1.4768316344e+01   6.5678794918e-01   6.5678794918e-01
  -8.5794395863e-01  -8.5947288236e-01   1.4920617458e+01   6.7539779684e-01   6.7539779684e-01
  -8.5456859350e-01  -8.5641503489e-01   1.5081602382e+01   6.9478209741e-01   6.9478209741e-01
  -8.5087571070e-01  -8.5272215210e-01   1.5248263840e+01   7.1436654544e-01   7.1436654544e-01
  -8.4718282791e-01  -8.4902926930e-01   1.5405813993e+01   7.3229591654e-01   7.3229591654e-01
  -8.4348994511e-01  -8.4533638651e-01   1.5553202142e+01   7.4840337951e-01   7.4840337951e-01
  -8.3915636269e-01  -8.4164350371e-01   1.5712217497e+01   7.6491031385e-01   7.6491031385e-01
  -8.3418208065e-01  -8.3666922167e-01   1.5876678462e+01   7.8049036975e-01   7.8049036975e-01
  -8.2920779861e-01  -8.3169493963e-01   1.6026896015e+01   7.9302591304e-01   7.9302591304e-01
  -8.2423351657e-01  -8.2672065759e-01   1.6166213032e+01   8.0268440970e-01   8.0268440970e-01
  -8.1982591862e-01  -8.2174637555e-01   1.6284699149e+01   8.0887487826e-01   8.0887487826e-01
  -8.1598500477e-01  -8.1790546169e-01   1.6381812795e+01   8.1241318123e-01   8.1241318123e-01
  -8.1214409091e-01  -8.1406454784e-01   1.6470998763e+01   8.1393380906e-01   8.1393380906e-01
  -8.0830317705e-01  -8.1022363398e-01   1.6551658001e+01   8.1335748017e-01   8.1335748017e-01
  -8.0446226319e-01  -8.0638272012e-01   1.6623210503e+01   8.1065409708e-01   8.1065409708e-01
  -8.0062134933e-01  -8.0254180626e-01   1.6684971407e+01   8.0585098388e-01   8.0585098388e-01
  -7.9678043547e-01  -7.9870089240e-01   1.6737121846e+01   7.9896771582e-01   7.9896771582e-01
  -7.9293952161e-01  -7.9485997854e-01   1.6780140254e+01   7.8997834410e-01   7.8997834410e-01
  -7.8948278069e-01  -7.9101906468e-01   1.6810833003e+01   7.7994184512e-01   7.7994184512e-01
  -7.8641021271e-01  -7.8794649670e-01   1.6832439318e+01   7.6959633243e-01   7.6959633243e-01
  -7.8333764472e-01  -7.8487392871e-01   1.6848389956e+01   7.5781855025e-01   7.5781855025e-01
  -7.8026507673e-01  -7.8180136073e-01   1.6858697965e+01   7.4463392300e-01   7.4463392300e-01
  -7.7719250875e-01  -7.7872879274e-01   1.6863377538e+01   7.3007920868e-01   7.3007920868e-01
  -7.7411994076e-01  -7.7565622476e-01   1.6862473123e+01   7.1417992419e-01   7.1417992419e-01
  -7.7104737278e-01  -7.7258365677e-01   1.6856071859e+01   6.9694275496e-01   6.9694275496e-01
  -7.6797480479e-01  -7.6951108879e-01   1.6844290692e+01   6.7836008466e-01   6.7836008466e-01
  -7.6490223681e-01  -7.6643852080e-01   1.6827257624e+01   6.5841765664e-01   6.5841765664e-01
  -7.6182966882e-01  -7.6336595282e-01   1.6805101106e+01   6.3709988742e-01   6.3709988742e-01
  -7.5875710084e-01  -7.6029338483e-01   1.6777948174e+01   6.1439209894e-01   6.1439209894e-01
  -7.5568453285e-01  -7.5722081684e-01   1.6745930569e+01   5.9028306681e-01   5.9028306681e-01
  -7.5261196487e-01  -7.5414824886e-01   1.6709206742e+01   5.6477560196e-01   5.6477560196e-01
  -7.4953939688e-01  -7.5107568087e-01   1.6667997604e+01   5.3790559603e-01   5.3790559603e-01
  -7.4646682890e-01  -7.4800311289e-01   1.6622575721e+01   5.0973508944e-01   5.0973508944e-01
  -7.4339426091e-01  -7.4493054490e-01   1.6573159757e+01   4.8029013929e-01   4.8029013929e-01
  -7.4015935100e-01  -7.4185797692e-01   1.6517101392e+01   4.4793503940e-01   4.4793503940e-01
  -7.3676209916e-01  -7.3846072508e-01   1.6453955812e+01   4.1247247693e-01   4.1247247693e-01
  -7.3336484733e-01  -7.3506347324e-01   1.6386978809e+01   3.7562365118e-01   3.7562365118e-01
  -7.2996759549e-01  -7.3166622141e-01   1.6316455904e+01   3.3739341323e-01   3.3739341323e-01
  -7.2657034365e-01  -7.2826896957e-01   1.6242591888e+01   2.9773921060e-01   2.9773921060e-01
  -7.2317309182e-01  -7.2487171774e-01   1.6165556402e+01   2.5659884875e-01   2.5659884875e-01
  -7.1977583998e-01  -7.2147446590e-01   1.6085589439e+01   2.1394744800e-01   2.1394744800e-01
  -7.1637858815e-01  -7.1807721406e-01   1.6003302624e+01   1.6995936594e-01   1.6995936594e-01
  -7.1322251097e-01  -7.1467996223e-01   1.5925458935e+01   1.2811689576e-01   1.2811689576e-01
  -7.1030760845e-01  -7.1176505971e-01   1.5852522716e+01   8.8632163424e-02   8.8632163424e-02
  -7.0739270594e-01  -7.0885015720e-01   1.5778545092e+01   4.8216358348e-02   4.8216358348e-02
  -7.0447780342e-01  -7.0593525468e-01   1.5703689512e+01   6.8689570839e-03   6.8689570839e-03
  -7.0156290091e-01  -7.0302035217e-01   1.5628210772e+01  -3.5357894506e-02  -3.5357894506e-02
  -6.9864799839e-01  -7.0010544965e-01   1.5552343262e+01  -7.8418684000e-02  -7.8418684000e-02
  -6.9573309588e-01  -6.9719054713e-01   1.5476276681e+01  -1.2228693805e-01  -1.2228693805e-01
  -6.9281819336e-01  -6.9427564462e-01   1.5400180183e+01  -1.6694137149e-01  -1.6694137149e-01
  -6.8987403103e-01  -6.9136074210e-01   1.5323457870e+01  -2.1281157413e-01  -2.1281157413e-01
  -6.8690060888e-01  -6.8838731995e-01   1.5246272412e+01  -2.5990512323e-01  -2.5990512323e-01
  -6.8392718672e-01  -6.8541389780e-01   1.5169501455e+01  -3.0776290406e-01  -3.0776290406e-01
  -6.8095376457e-01  -6.8244047565e-01   1.5093240471e+01  -3.5638619366e-01  -3.5638619366e-01
  -6.7798034242e-01  -6.7946705349e-01   1.5017649450e+01  -4.0572299474e-01  -4.0572299474e-01
  -6.7500692027e-01  -6.7649363134e-01   1.4943069144e+01  -4.5558604141e-01  -4.5558604141e-01
  -6.7203349811e-01  -6.7352020919e-01   1.4870022830e+01  -5.0565012275e-01  -5.0565012275e-01
  -6.6906007596e-01  -6.7054678704e-01   1.4798935432e+01  -5.5564538187e-01  -5.5564538187e-01
  -6.6571379938e-01  -6.6757336489e-01   1.4721254019e+01  -6.1176136114e-01  -6.1176136114e-01
  -6.6199466837e-01  -6.6385423387e-01   1.4638202729e+01  -6.7386770017e-01  -6.7386770017e-01
  -6.5827553735e-01  -6.6013510286e-01   1.4558483580e+01  -7.3565854102e-01  -7.3565854102e-01
  -6.5455640634e-01  -6.5641597185e-01   1.4482313507e+01  -7.9693822196e-01  -7.9693822196e-01
  -6.5083727533e-01  -6.5269684083e-01   1.4410146360e+01  -8.5731565751e-01  -8.5731565751e-01
  -6.4711814431e-01  -6.4897770982e-01   1.4342264108e+01  -9.1654475726e-01  -9.1654475726e-01
  -6.4339901330e-01  -6.4525857881e-01   1.4278515325e+01  -9.7474403280e-01  -9.7474403280e-01
  -6.3967988229e-01  -6.4153944779e-01   1.4218959528e+01  -1.0317830262e+00  -1.0317830262e+00
  -6.3614828397e-01  -6.3782031678e-01   1.4167377390e+01  -1.0838033604e+00  -1.0838033604e+00
  -6.3280421835e-01  -6.3447625116e-01   1.4122871410e+01  -1.1310424289e+00  -1.1310424289e+00
  -6.2946015273e-01  -6.3113218554e-01   1.4082535691e+01  -1.1763280387e+00  -1.1763280387e+00
  -6.2611608711e-01  -6.2778811992e-01   1.4046222312e+01  -1.2197428991e+00  -1.2197428991e+00
  -6.2277202149e-01  -6.2444405430e-01   1.4013806307e+01  -1.2613952675e+00  -1.2613952675e+00
  -6.1942795587e-01  -6.2109998868e-01   1.3985313943e+01  -1.3012133679e+00  -1.3012133679e+00
  -6.1608389025e-01  -6.1775592306e-01   1.3961030128e+01  -1.3387380450e+00  -1.3387380450e+00
  -6.1273982463e-01  -6.1441185744e-01   1.3941231394e+01  -1.3734523467e+00  -1.3734523467e+00
  -6.0939575900e-01  -6.1106779181e-01   1.3925965337e+01  -1.4051317221e+00  -1.4051317221e+00
  -6.0605169338e-01  -6.0772372619e-01   1.3915147257e+01  -1.4337726791e+00  -1.4337726791e+00
  -6.0270762776e-01  -6.0437966057e-01   1.3908694990e+01  -1.4594611553e+00  -1.4594611553e+00
  -5.9936356214e-01  -6.0103559495e-01   1.3906594758e+01  -1.4823096149e+00  -1.4823096149e+00
  -5.9601949652e-01  -5.9769152933e-01   1.3908898503e+01  -1.5023605526e+00  -1.5023605526e+00
  -5.9267543090e-01  -5.9434746371e-01   1.3915625380e+01  -1.5194356189e+00  -1.5194356189e+00
  -5.8933136528e-01  -5.9100339809e-01   1.3926697722e+01  -1.5331907161e+00  -1.5331907161e+00
  -5.8598729966e-01  -5.8765933247e-01   1.3942081938e+01  -1.5435396009e+00  -1.5435396009e+00
  -5.8191863589e-01  -5.8431526685e-01   1.3966102206e+01  -1.5521826395e+00  -1.5521826395e+00
  -5.7712537398e-01  -5.7952200494e-01   1.4003638712e+01  -1.5561983141e+00  -1.5561983141e+00
  -5.7233211206e-01  -5.7472874302e-01   1.4051443833e+01  -1.5541276412e+00  -1.5541276412e+00
  -5.6753885015e-01  -5.6993548111e-01   1.4107947844e+01  -1.5462380839e+00  -1.5462380839e+00
  -5.6274558823e-01  -5.6514221919e-01   1.4172630188e+01  -1.5329594852e+00  -1.5329594852e+00
  -5.5795232632e-01  -5.6034895728e-01   1.4246090905e+01  -1.5144898269e+00  -1.5144898269e+00
  -5.5315906440e-01  -5.5555569536e-01   1.4327700908e+01  -1.4913448438e+00  -1.4913448438e+00
  -5.4836580249e-01  -5.5076243345e-01   1.4416655206e+01  -1.4641923857e+00  -1.4641923857e+00
  -5.4445740988e-01  -5.4596917153e-01   1.4498504208e+01  -1.4380939915e+00  -1.4380939915e+00
  -5.4143388659e-01  -5.4294564823e-01   1.4565989542e+01  -1.4162098528e+00  -1.4162098528e+00
  -5.3841036329e-01  -5.3992212494e-01   1.4636954991e+01  -1.3929499648e+00  -1.3929499648e+00
  -5.3538683999e-01  -5.3689860164e-01   1.4710803776e+01  -1.3686125691e+00  -1.3686125691e+00
  -5.3236331670e-01  -5.3387507835e-01   1.4786937725e+01  -1.3434942855e+00  -1.3434942855e+00
  -5.2933979340e-01  -5.3085155505e-01   1.4864256795e+01  -1.3180473537e+00  -1.3180473537e+00
  -5.2631627011e-01  -5.2782803176e-01   1.4941572476e+01  -1.2927473322e+00  -1.2927473322e+00
  -5.2329274681e-01  -5.2480450846e-01   1.5019681626e+01  -1.2674191831e+00  -1.2674191831e+00
  -5.1920899347e-01  -5.2178098516e-01   1.5129701613e+01  -1.2321470533e+00  -1.2321470533e+00
  -5.1406501009e-01  -5.1663700178e-01   1.5277384204e+01  -1.1858550704e+00  -1.1858550704e+00
  -5.0892102671e-01  -5.1149301840e-01   1.5431002213e+01  -1.1389759151e+00  -1.1389759151e+00
  -5.0377704332e-01  -5.0634903501e-01   1.5590825557e+01  -1.0915995737e+00  -1.0915995737e+00
  -4.9893670285e-01  -5.0120505163e-01   1.5748033383e+01  -1.0463622061e+00  -1.0463622061e+00
  -4.9440000530e-01  -4.9666835408e-01   1.5899822325e+01  -1.0038950041e+00  -1.0038950041e+00
  -4.8986330774e-01  -4.9213165652e-01   1.6055289430e+01  -9.6163582043e-01  -9.6163582043e-01
  -4.8532661019e-01  -4.8759495897e-01   1.6213291436e+01  -9.1990110181e-01  -9.1990110181e-01
  -4.8080121038e-01  -4.8305826141e-01   1.6371059643e+01  -8.7937429270e-01  -8.7937429270e-01
  -4.7628710831e-01  -4.7854415934e-01   1.6527398017e+01  -8.4027207021e-01  -8.4027207021e-01
  -4.7177300624e-01  -4.7403005728e-01   1.6681741549e+01  -8.0262216078e-01  -8.0262216078e-01
  -4.6725890418e-01  -4.6951595521e-01   1.6833505510e+01  -7.6644395371e-01  -7.6644395371e-01
  -4.6248140246e-01  -4.6500185314e-01   1.6992239099e+01  -7.2937019715e-01  -7.2937019715e-01
  -4.5744050110e-01  -4.5996095178e-01   1.7153132741e+01  -6.9248038768e-01  -6.9248038768e-01
  -4.5239959974e-01  -4.5492005042e-01   1.7306208420e+01  -6.5785970350e-01  -6.5785970350e-01
  -4.4735869838e-01  -4.4987914906e-01   1.7450640520e+01  -6.2545917223e-01  -6.2545917223e-01
  -4.4338159217e-01  -4.4483824770e-01   1.7562241743e+01  -6.0047545494e-01  -6.0047545494e-01
  -4.4046828112e-01  -4.4192493664e-01   1.7642500964e+01  -5.8246834231e-01  -5.8246834231e-01
  -4.3755497006e-01  -4.3901162559e-01   1.7721001198e+01  -5.6476851532e-01  -5.6476851532e-01
  -4.3464165901e-01  -4.3609831453e-01   1.7797533705e+01  -5.4737349245e-01  -5.4737349245e-01
  -4.3172834795e-01  -4.3318500348e-01   1.7872170994e+01  -5.3021446507e-01  -5.3021446507e-01
  -4.2881503690e-01  -4.3027169242e-01   1.7945373290e+01  -5.1313695146e-01  -5.1313695146e-01
  -4.2590172584e-01  -4.2735838137e-01   1.8016971709e+01  -4.9613900796e-01  -4.9613900796e-01
  -4.2298841479e-01  -4.2444507031e-01   1.8086175757e+01  -4.7936587027e-01  -4.7936587027e-01
  -4.1941552711e-01  -4.2153175926e-01   1.8167217038e+01  -4.5923752046e-01  -4.5923752046e-01
  -4.1518306281e-01  -4.1729929496e-01   1.8255473904e+01  -4.3635202066e-01  -4.3635202066e-01
  -4.1095059852e-01  -4.1306683067e-01   1.8336774398e+01  -4.1412300162e-01  -4.1412300162e-01
  -4.0671813422e-01  -4.0883436637e-01   1.8412116230e+01  -3.9217446914e-01  -3.9217446914e-01
  -4.0248566993e-01  -4.0460190207e-01   1.8481160286e+01  -3.7051518041e-01  -3.7051518041e-01
  -3.9825320563e-01  -4.0036943778e-01   1.8542840579e+01  -3.4942532623e-01  -3.4942532623e-01
  -3.9402074133e-01  -3.9613697348e-01   1.8598203133e+01  -3.2852026832e-01  -3.2852026832e-01
  -3.8978827704e-01  -3.9190450919e-01   1.8648494331e+01  -3.0732368684e-01  -3.0732368684e-01
  -3.8580067021e-01  -3.8767204489e-01   1.8690130723e+01  -2.8750310260e-01  -2.8750310260e-01
  -3.8205792086e-01  -3.8392929554e-01   1.8724502178e+01  -2.6900912353e-01  -2.6900912353e-01
  -3.7831517151e-01  -3.8018654618e-01   1.8754671237e+01  -2.5038180219e-01  -2.5038180219e-01
  -3.7457242215e-01  -3.7644379683e-01   1.8781142290e+01  -2.3131121366e-01  -2.3131121366e-01
  -3.7082967280e-01  -3.7270104748e-01   1.8804077039e+01  -2.1171262482e-01  -2.1171262482e-01
  -3.6708692345e-01  -3.6895829812e-01   1.8823141104e+01  -1.9199321894e-01  -1.9199321894e-01
  -3.6334417409e-01  -3.6521554877e-01   1.8838216281e+01  -1.7248984619e-01  -1.7248984619e-01
  -3.5960142474e-01  -3.6147279942e-01   1.8849592807e+01  -1.5314799729e-01  -1.5314799729e-01
  -3.5585867539e-01  -3.5773005006e-01   1.8857672046e+01  -1.3365246821e-01  -1.3365246821e-01
  -3.5211592603e-01  -3.5398730071e-01   1.8862753086e+01  -1.1363584710e-01  -1.1363584710e-01
  -3.4837317668e-01  -3.5024455136e-01   1.8864971866e+01  -9.2977201240e-02  -9.2977201240e-02
  -3.4463042733e-01  -3.4650180200e-01   1.8864373545e+01  -7.1967719318e-02  -7.1967719318e-02
  -3.4088767797e-01  -3.4275905265e-01   1.8861090389e+01  -5.0801501242e-02  -5.0801501242e-02
  -3.3714492862e-01  -3.3901630329e-01   1.8855316427e+01  -2.9505938952e-02  -2.9505938952e-02
  -3.3340217926e-01  -3.3527355394e-01   1.8847247307e+01  -8.0494910616e-03  -8.0494910616e-03
  -3.2965942991e-01  -3.3153080459e-01   1.8837063746e+01   1.3604340777e-02   1.3604340777e-02
  -3.2597869204e-01  -3.2778805523e-01   1.8825145109e+01   3.5099397588e-02   3.5099397588e-02
  -3.2235996565e-01  -3.2416932885e-01   1.8811790782e+01   5.6389966740e-02   5.6389966740e-02
  -3.1874123927e-01  -3.2055060246e-01   1.8796948129e+01   7.7840242317e-02   7.7840242317e-02
  -3.1512251288e-01  -3.1693187607e-01   1.8780759713e+01   9.9451678331e-02   9.9451678331e-02
  -3.1150378649e-01  -3.1331314968e-01   1.8763377658e+01   1.2119587234e-01   1.2119587234e-01
  -3.0788506010e-01  -3.0969442330e-01   1.8744958831e+01   1.4302599855e-01   1.4302599855e-01
  -3.0426633371e-01  -3.0607569691e-01   1.8725655565e+01   1.6489410519e-01   1.6489410519e-01
  -3.0064760733e-01  -3.0245697052e-01   1.8705611737e+01   1.8675759830e-01   1.8675759830e-01
  -2.9702888094e-01  -2.9883824413e-01   1.8684963532e+01   2.0857776373e-01   2.0857776373e-01
  -2.9341015455e-01  -2.9521951775e-01   1.8663832484e+01   2.3032526851e-01   2.3032526851e-01
  -2.8979142816e-01  -2.9160079136e-01   1.8642305603e+01   2.5199915281e-01   2.5199915281e-01
  -2.8617270178e-01  -2.8798206497e-01   1.8620461244e+01   2.7360161880e-01   2.7360161880e-01
  -2.8255397539e-01  -2.8436333858e-01   1.8598459078e+01   2.9505006446e-01   2.9505006446e-01
  -2.7893524900e-01  -2.8074461220e-01   1.8576453344e+01   3.1626403647e-01   3.1626403647e-01
  -2.7531652261e-01  -2.7712588581e-01   1.8554574788e+01   3.3718342077e-01   3.3718342077e-01
  -2.7169779623e-01  -2.7350715942e-01   1.8532954005e+01   3.5774517509e-01   3.5774517509e-01
  -2.6797838438e-01  -2.6988843303e-01   1.8511128164e+01   3.7844544405e-01   3.7844544405e-01
  -2.6415828707e-01  -2.6606833573e-01   1.8489257215e+01   3.9918742027e-01   3.9918742027e-01
  -2.6033818976e-01  -2.6224823842e-01   1.8468005944e+01   4.1939944754e-01   4.1939944754e-01
  -2.5651809246e-01  -2.5842814111e-01   1.8447422612e+01   4.3909180149e-01   4.3909180149e-01
  -2.5269799515e-01  -2.5460804380e-01   1.8427560957e+01   4.5826810247e-01   4.5826810247e-01
  -2.4887789784e-01  -2.5078794650e-01   1.8408502814e+01   4.7690419572e-01   4.7690419572e-01
  -2.4505780053e-01  -2.4696784919e-01   1.8390369322e+01   4.9493631215e-01   4.9493631215e-01
  -2.4123770323e-01  -2.4314775188e-01   1.8373330818e+01   5.1224699415e-01   5.1224699415e-01
  -2.3741760592e-01  -2.3932765457e-01   1.8357640918e+01   5.2862022055e-01   5.2862022055e-01
  -2.3359750861e-01  -2.3550755727e-01   1.8343583696e+01   5.4378808127e-01   5.4378808127e-01
  -2.2977741130e-01  -2.3168745996e-01   1.8331136689e+01   5.5779982834e-01   5.5779982834e-01
  -2.2595731400e-01  -2.2786736265e-01   1.8320072329e+01   5.7094505476e-01   5.7094505476e-01
  -2.2213721669e-01  -2.2404726534e-01   1.8310361501e+01   5.8330092839e-01   5.8330092839e-01
  -2.1831711938e-01  -2.2022716804e-01   1.8302163670e+01   5.9471846524e-01   5.9471846524e-01
  -2.1449702207e-01  -2.1640707073e-01   1.8295582507e+01   6.0510438765e-01   6.0510438765e-01
  -2.1067692477e-01  -2.1258697342e-01   1.8290647042e+01   6.1445142700e-01   6.1445142700e-01
  -2.0680725777e-01  -2.0876687611e-01   1.8287334353e+01   6.2286926623e-01   6.2286926623e-01
  -2.0288802110e-01  -2.0484763943e-01   1.8285758072e+01   6.3029712709e-01   6.3029712709e-01
  -1.9896878442e-01  -2.0092840276e-01   1.8285992449e+01   6.3660308918e-01   6.3660308918e-01
  -1.9504954774e-01  -1.9700916608e-01   1.8288056569e+01   6.4176824997e-01   6.4176824997e-01
  -1.9113031106e-01  -1.9308992940e-01   1.8291951781e+01   6.4578686622e-01   6.4578686622e-01
  -1.8721107438e-01  -1.8917069272e-01   1.8297664733e+01   6.4866421750e-01   6.4866421750e-01
  -1.8329183770e-01  -1.8525145604e-01   1.8305166757e+01   6.5041568372e-01   6.5041568372e-01
  -1.7937260102e-01  -1.8133221936e-01   1.8314406696e+01   6.5106672551e-01   6.5106672551e-01
  -1.7545336434e-01  -1.7741298268e-01   1.8325303901e+01   6.5065223727e-01   6.5065223727e-01
  -1.7153412767e-01  -1.7349374600e-01   1.8337774283e+01   6.4920930695e-01   6.4920930695e-01
  -1.6761489099e-01  -1.6957450933e-01   1.8351836838e+01   6.4675289957e-01   6.4675289957e-01
  -1.6369565431e-01  -1.6565527265e-01   1.8367668834e+01   6.4325887260e-01   6.4325887260e-01
  -1.5977641763e-01  -1.6173603597e-01   1.8385347465e+01   6.3870956392e-01   6.3870956392e-01
  -1.5585718095e-01  -1.5781679929e-01   1.8404903905e+01   6.3309828086e-01   6.3309828086e-01
  -1.5193794427e-01  -1.5389756261e-01   1.8426013635e+01   6.2653693394e-01   6.2653693394e-01
  -1.4801870759e-01  -1.4997832593e-01   1.8447997598e+01   6.1926700340e-01   6.1926700340e-01
  -1.4440230312e-01  -1.4605908925e-01   1.8469018083e+01   6.1196016284e-01   6.1196016284e-01
  -1.4108873084e-01  -1.4274551698e-01   1.8489059489e+01   6.0474927972e-01   6.0474927972e-01
  -1.3777515857e-01  -1.3943194471e-01   1.8509971746e+01   5.9700754041e-01   5.9700754041e-01
  -1.3446158630e-01  -1.3611837243e-01   1.8531713590e+01   5.8876353643e-01   5.8876353643e-01
  -1.3114801402e-01  -1.3280480016e-01   1.8554210291e+01   5.8005614012e-01   5.8005614012e-01
  -1.2783444175e-01  -1.2949122788e-01   1.8577418130e+01   5.7091182042e-01   5.7091182042e-01
  -1.2452086947e-01  -1.2617765561e-01   1.8601314544e+01   5.6134935164e-01   5.6134935164e-01
  -1.2120729720e-01  -1.2286408334e-01   1.8625815638e+01   5.5141345122e-01   5.5141345122e-01
  -1.1789372493e-01  -1.1955051106e-01   1.8650736481e+01   5.4119141773e-01   5.4119141773e-01
  -1.1458015265e-01  -1.1623693879e-01   1.8675926632e+01   5.3075784962e-01   5.3075784962e-01
  -1.1126658038e-01  -1.1292336652e-01   1.8701351795e+01   5.2013994121e-01   5.2013994121e-01
  -1.0795300811e-01  -1.0960979424e-01   1.8727034842e+01   5.0934067975e-01   5.0934067975e-01
  -1.0463943583e-01  -1.0629622197e-01   1.8752924582e+01   4.9839314751e-01   4.9839314751e-01
  -1.0132586356e-01  -1.0298264970e-01   1.8778936220e+01   4.8734400443e-01   4.8734400443e-01
  -9.8012291285e-02  -9.9669077422e-02   1.8805008108e+01   4.7623016356e-01   4.7623016356e-01
  -9.4698719011e-02  -9.6355505148e-02   1.8831066221e+01   4.6509405064e-01   4.6509405064e-01
  -9.1354815137e-02  -9.3041932875e-02   1.8857218045e+01   4.5390037585e-01   4.5390037585e-01
  -8.7980579662e-02  -8.9667697399e-02   1.8883329557e+01   4.4271680902e-01   4.4271680902e-01
  -8.4606344187e-02  -8.6293461924e-02   1.8909105521e+01   4.3168023101e-01   4.3168023101e-01
  -8.1232108711e-02  -8.2919226449e-02   1.8934531388e+01   4.2080676132e-01   4.2080676132e-01
  -7.7857873236e-02  -7.9544990974e-02   1.8959600341e+01   4.1010865156e-01   4.1010865156e-01
  -7.4483637761e-02  -7.6170755499e-02   1.8984305161e+01   3.9959785564e-01   3.9959785564e-01
  -7.1109402286e-02  -7.2796520023e-02   1.9008640654e+01   3.8928504725e-01   3.8928504725e-01
  -6.7735166811e-02  -6.9422284548e-02   1.9032599635e+01   3.7918122973e-01   3.7918122973e-01
  -6.4360931335e-02  -6.6048049073e-02   1.9056147994e+01   3.6930794823e-01   3.6930794823e-01
  -6.0986695860e-02  -6.2673813598e-02   1.9079196680e+01   3.5970875932e-01   3.5970875932e-01
  -5.7612460385e-02  -5.9299578123e-02   1.9101661939e+01   3.5042424511e-01   3.5042424511e-01
  -5.4238224910e-02  -5.5925342647e-02   1.9123577517e+01   3.4144569955e-01   3.4144569955e-01
  -5.0863989435e-02  -5.2551107172e-02   1.9144978653e+01   3.3276355654e-01   3.3276355654e-01
  -4.7489753960e-02  -4.9176871697e-02   1.9165877441e+01   3.2437818689e-01   3.2437818689e-01
  -4.4115518484e-02  -4.5802636222e-02   1.9186310236e+01   3.1628086905e-01   3.1628086905e-01
  -4.0741283009e-02  -4.2428400747e-02   1.9206318496e+01   3.0846064334e-01   3.0846064334e-01
  -3.7160611482e-02  -3.9054165272e-02   1.9227034797e+01   3.0048493587e-01   3.0048493587e-01
  -3.3373503904e-02  -3.5267057693e-02   1.9248082259e+01   2.9252983027e-01   2.9252983027e-01
  -2.9586396325e-02  -3.1479950114e-02   1.9268176057e+01   2.8508772330e-01   2.8508772330e-01
  -2.5799288746e-02  -2.7692842536e-02   1.9287378299e+01   2.7813164856e-01   2.7813164856e-01
  -2.2012181168e-02  -2.3905734957e-02   1.9305776173e+01   2.7162464401e-01   2.7162464401e-01
  -1.8225073589e-02  -2.0118627378e-02   1.9323443376e+01   2.6553473176e-01   2.6553473176e-01
  -1.4437966010e-02  -1.6331519800e-02   1.9340444431e+01   2.5983354352e-01   2.5983354352e-01
  -1.0650858432e-02  -1.2544412221e-02   1.9356843752e+01   2.5449296269e-01   2.5449296269e-01
  -6.8637508531e-03  -8.7573046424e-03   1.9372695366e+01   2.4948756763e-01   2.4948756763e-01
  -3.0766432745e-03  -4.9701970638e-03   1.9387998633e+01   2.4480729343e-01   2.4480729343e-01
   7.1046430417e-04  -1.1830894852e-03   1.9402706707e+01   2.4045435132e-01   2.4045435132e-01
   4.4975718828e-03   2.6040180935e-03   1.9416873586e+01   2.3639890870e-01   2.3639890870e-01
   8.2846794614e-03   6.3911256721e-03   1.9430547849e+01   2.3261133759e-01   2.3261133759e-01
   1.2071787040e-02   1.0178233251e-02   1.9443759998e+01   2.2906649406e-01   2.2906649406e-01
   1.5858894619e-02   1.3965340829e-02   1.9456546598e+01   2.2573680369e-01   2.2573680369e-01
   1.9646002197e-02   1.7752448408e-02   1.9468947910e+01   2.2259285451e-01   2.2259285451e-01
   2.3544140241e-02   2.1539555987e-02   1.9481338810e+01   2.1952136566e-01   2.1952136566e-01
   2.7553308750e-02   2.5548724495e-02   1.9493668624e+01   2.1651858569e-01   2.1651858569e-01
   3.1562477259e-02   2.9557893004e-02   1.9505610402e+01   2.1363950541e-01   2.1363950541e-01
   3.5571645767e-02   3.3567061513e-02   1.9517207950e+01   2.1084675938e-01   2.1084675938e-01
   3.9580814276e-02   3.7576230022e-02   1.9528495326e+01   2.0810472381e-01   2.0810472381e-01
   4.3589982785e-02   4.1585398530e-02   1.9539493349e+01   2.0538029077e-01   2.0538029077e-01
   4.7599151294e-02   4.5594567039e-02   1.9550216526e+01   2.0264115322e-01   2.0264115322e-01
   5.1608319802e-02   4.9603735548e-02   1.9560677743e+01   1.9985464969e-01   1.9985464969e-01
   5.5617488311e-02   5.3612904057e-02   1.9570884773e+01   1.9698894842e-01   1.9698894842e-01
   5.9626656820e-02   5.7622072565e-02   1.9580824226e+01   1.9401816939e-01   1.9401816939e-01
   6.3635825329e-02   6.1631241074e-02   1.9590459391e+01   1.9092342269e-01   1.9092342269e-01
   6.7644993837e-02   6.5640409583e-02   1.9599783537e+01   1.8767676400e-01   1.8767676400e-01
   7.1654162346e-02   6.9649578092e-02   1.9608779528e+01   1.8425346742e-01   1.8425346742e-01
   7.5663330855e-02   7.3658746600e-02   1.9617419583e+01   1.8063191555e-01   1.8063191555e-01
   7.9672499364e-02   7.7667915109e-02   1.9625672021e+01   1.7679141654e-01   1.7679141654e-01
   8.3681667872e-02   8.1677083618e-02   1.9633499884e+01   1.7271273616e-01   1.7271273616e-01
   8.7741434125e-02   8.5686252127e-02   1.9640951217e+01   1.6832510351e-01   1.6832510351e-01
   9.1851798123e-02   8.9796616124e-02   1.9647946194e+01   1.6360225994e-01   1.6360225994e-01
   9.5962162120e-02   9.3906980121e-02   1.9654334941e+01   1.5858293236e-01   1.5858293236e-01
   1.0007252612e-01   9.8017344118e-02   1.9660056500e+01   1.5325132848e-01   1.5325132848e-01
   1.0418289011e-01   1.0212770812e-01   1.9665041843e+01   1.4759598795e-01   1.4759598795e-01
   1.0829325411e-01   1.0623807211e-01   1.9669215136e+01   1.4161063613e-01   1.4161063613e-01
   1.1240361811e-01   1.1034843611e-01   1.9672496991e+01   1.3529389860e-01   1.3529389860e-01
   1.1651398211e-01   1.1445880011e-01   1.9674806243e+01   1.2864881000e-01   1.2864881000e-01
   1.2062434610e-01   1.1856916410e-01   1.9676058814e+01   1.2167619357e-01   1.2167619357e-01
   1.2473471010e-01   1.2267952810e-01   1.9676163510e+01   1.1435340059e-01   1.1435340059e-01
   1.2884507410e-01   1.2678989210e-01   1.9675019721e+01   1.0663123089e-01   1.0663123089e-01
   1.3295543809e-01   1.3090025610e-01   1.9672526232e+01   9.8514648615e-02   9.8514648615e-02
   1.3706580209e-01   1.3501062009e-01   1.9668592926e+01   9.0032771860e-02   9.0032771860e-02
   1.4117616609e-01   1.3912098409e-01   1.9663144212e+01   8.1220502012e-02   8.1220502012e-02
   1.4528653009e-01   1.4323134809e-01   1.9656104342e+01   7.2095752035e-02   7.2095752035e-02
   1.4939689408e-01   1.4734171209e-01   1.9647377658e+01   6.2651385093e-02   6.2651385093e-02
   1.5319988585e-01   1.5145207608e-01   1.9637677572e+01   5.3644494628e-02   5.3644494628e-02
   1.5669550538e-01   1.5494769562e-01   1.9627503219e+01   4.5233954016e-02   4.5233954016e-02
   1.6019112492e-01   1.5844331515e-01   1.9616000890e+01   3.6669603459e-02   3.6669603459e-02
   1.6368674445e-01   1.6193893468e-01   1.9603074813e+01   2.7895631592e-02   2.7895631592e-02
   1.6718236398e-01   1.6543455422e-01   1.9588689940e+01   1.8904745374e-02   1.8904745374e-02
   1.7067798352e-01   1.6893017375e-01   1.9572880824e+01   9.7406548020e-03   9.7406548020e-03
   1.7417360305e-01   1.7242579328e-01   1.9555693411e+01   4.5496613306e-04   4.5496613306e-04
   1.7766922259e-01   1.7592141282e-01   1.9537096014e+01  -8.9412121008e-03  -8.9412121008e-03
   1.8116484212e-01   1.7941703235e-01   1.9516912143e+01  -1.8502624608e-02  -1.8502624608e-02
   1.8466046165e-01   1.8291265189e-01   1.9494896714e+01  -2.8309379773e-02  -2.8309379773e-02
   1.8815608119e-01   1.8640827142e-01   1.9471051457e+01  -3.8337274259e-02  -3.8337274259e-02
   1.9165170072e-01   1.8990389095e-01   1.9445715121e+01  -4.8430164776e-02  -4.8430164776e-02
   1.9514732025e-01   1.9339951049e-01   1.9418886785e+01  -5.8570845772e-02  -5.8570845772e-02
   1.9864293979e-01   1.9689513002e-01   1.9390295468e+01  -6.8841878671e-02  -6.8841878671e-02
   2.0213855932e-01   2.0039074955e-01   1.9359796585e+01  -7.9272431135e-02  -7.9272431135e-02
   2.0563417885e-01   2.0388636909e-01   1.9327728832e+01  -8.9728831600e-02  -8.9728831600e-02
   2.1011473529e-01   2.0738198862e-01   1.9285426852e+01  -1.0289036212e-01  -1.0289036212e-01
   2.1558022863e-01   2.1284748196e-01   1.9231238438e+01  -1.1861674489e-01  -1.1861674489e-01
   2.2104572196e-01   2.1831297529e-01   1.9174110953e+01  -1.3407565622e-01  -1.3407565622e-01
   2.2651121530e-01   2.2377846863e-01   1.9114132511e+01  -1.4920287153e-01  -1.4920287153e-01
   2.3197670864e-01   2.2924396197e-01   1.9051237524e+01  -1.6401656494e-01  -1.6401656494e-01
   2.3744220197e-01   2.3470945530e-01   1.8988951352e+01  -1.7773356373e-01  -1.7773356373e-01
   2.4290769531e-01   2.4017494864e-01   1.8925706560e+01  -1.9070152018e-01  -1.9070152018e-01
   2.4837318865e-01   2.4564044198e-01   1.8861349633e+01  -2.0296761284e-01  -2.0296761284e-01
   2.5363268702e-01   2.5110593531e-01   1.8797992972e+01  -2.1416170830e-01  -2.1416170830e-01
   2.5868619044e-01   2.5615943873e-01   1.8735720833e+01  -2.2437245137e-01  -2.2437245137e-01
   2.6373969385e-01   2.6121294214e-01   1.8672218942e+01  -2.3398321746e-01  -2.3398321746e-01
   2.6879319726e-01   2.6626644556e-01   1.8607920186e+01  -2.4289235134e-01  -2.4289235134e-01
   2.7384670068e-01   2.7131994897e-01   1.8543283715e+01  -2.5099710591e-01  -2.5099710591e-01
   2.7890020409e-01   2.7637345239e-01   1.8478730266e+01  -2.5820624169e-01  -2.5820624169e-01
   2.8395370751e-01   2.8142695580e-01   1.8414561030e+01  -2.6444695201e-01  -2.6444695201e-01
   2.8900721092e-01   2.8648045921e-01   1.8351038092e+01  -2.6965443872e-01  -2.6965443872e-01
   2.9422522060e-01   2.9153396263e-01   1.8286456975e+01  -2.7390316729e-01  -2.7390316729e-01
   2.9960773655e-01   2.9691647858e-01   1.8221513140e+01  -2.7699140626e-01  -2.7699140626e-01
   3.0499025250e-01   3.0229899452e-01   1.8158589708e+01  -2.7873989639e-01  -2.7873989639e-01
   3.1037276845e-01   3.0768151047e-01   1.8097656501e+01  -2.7910374686e-01  -2.7910374686e-01
   3.1575528439e-01   3.1306402642e-01   1.8037854137e+01  -2.7798427544e-01  -2.7798427544e-01
   3.2113780034e-01   3.1844654237e-01   1.7976522380e+01  -2.7524926676e-01  -2.7524926676e-01
   3.2652031629e-01   3.2382905832e-01   1.7916698005e+01  -2.7088229328e-01  -2.7088229328e-01
   3.3190283224e-01   3.2921157426e-01   1.7858941419e+01  -2.6483737263e-01  -2.6483737263e-01
   3.3615833173e-01   3.3459409021e-01   1.7814714680e+01  -2.5866335635e-01  -2.5866335635e-01
   3.3928681476e-01   3.3772257324e-01   1.7783032820e+01  -2.5351703638e-01  -2.5351703638e-01
   3.4241529779e-01   3.4085105628e-01   1.7752179090e+01  -2.4775592450e-01  -2.4775592450e-01
   3.4554378082e-01   3.4397953931e-01   1.7722074303e+01  -2.4137909622e-01  -2.4137909622e-01
   3.4867226386e-01   3.4710802234e-01   1.7692695218e+01  -2.3439490293e-01  -2.3439490293e-01
   3.5180074689e-01   3.5023650537e-01   1.7664066592e+01  -2.2681410886e-01  -2.2681410886e-01
   3.5492922992e-01   3.5336498841e-01   1.7636196319e+01  -2.1864034654e-01  -2.1864034654e-01
   3.5805771295e-01   3.5649347144e-01   1.7609077739e+01  -2.0987814334e-01  -2.0987814334e-01
   3.6118619599e-01   3.5962195447e-01   1.7582774112e+01  -2.0056361564e-01  -2.0056361564e-01
   3.6431467902e-01   3.6275043750e-01   1.7557400895e+01  -1.9075951535e-01  -1.9075951535e-01
   3.6744316205e-01   3.6587892054e-01   1.7532947640e+01  -1.8049227330e-01  -1.8049227330e-01
   3.7057164508e-01   3.6900740357e-01   1.7509312399e+01  -1.6975769712e-01  -1.6975769712e-01
   3.7370012812e-01   3.7213588660e-01   1.7486398953e+01  -1.5854962605e-01  -1.5854962605e-01
   3.7682861115e-01   3.7526436963e-01   1.7464129005e+01  -1.4686283868e-01  -1.4686283868e-01
   3.7995709418e-01   3.7839285266e-01   1.7442423987e+01  -1.3468853877e-01  -1.3468853877e-01
   3.8308557721e-01   3.8152133570e-01   1.7421217407e+01  -1.2202670856e-01  -1.2202670856e-01
   3.8639849327e-01   3.8464981873e-01   1.7399269008e+01  -1.0813890372e-01  -1.0813890372e-01
   3.8989584235e-01   3.8814716781e-01   1.7376718918e+01  -9.2993131865e-02  -9.2993131865e-02
   3.9339319143e-01   3.9164451689e-01   1.7354716736e+01  -7.7389397507e-02  -7.7389397507e-02
   3.9689054050e-01   3.9514186597e-01   1.7333115647e+01  -6.1304583986e-02  -6.1304583986e-02
   4.0038788958e-01   3.9863921504e-01   1.7311792259e+01  -4.4732491974e-02  -4.4732491974e-02
   4.0388523866e-01   4.0213656412e-01   1.7290678485e+01  -2.7708013076e-02  -2.7708013076e-02
   4.0738258774e-01   4.0563391320e-01   1.7269730777e+01  -1.0285721286e-02  -1.0285721286e-02
   4.1087993682e-01   4.0913126228e-01   1.7248892582e+01   7.4888129914e-03   7.4888129914e-03
   4.1437728590e-01   4.1262861136e-01   1.7228082648e+01   2.5589509796e-02   2.5589509796e-02
   4.1787463497e-01   4.1612596044e-01   1.7207207624e+01   4.4000983547e-02   4.4000983547e-02
   4.2137198405e-01   4.1962330951e-01   1.7186182038e+01   6.2702693604e-02   6.2702693604e-02
   4.2486933313e-01   4.2312065859e-01   1.7164924416e+01   8.1672960225e-02   8.1672960225e-02
   4.2836668221e-01   4.2661800767e-01   1.7143354192e+01   1.0089163529e-01   1.0089163529e-01
   4.3186403129e-01   4.3011535675e-01   1.7121388552e+01   1.2034257223e-01   1.2034257223e-01
   4.3536138037e-01   4.3361270583e-01   1.7098935423e+01   1.4001921903e-01   1.4001921903e-01
   4.3885872945e-01   4.3711005491e-01   1.7075907902e+01   1.5991163141e-01   1.5991163141e-01
   4.4218716186e-01   4.4060740398e-01   1.7053429567e+01   1.7898372219e-01   1.7898372219e-01
   4.4534667762e-01   4.4376691974e-01   1.7031657092e+01   1.9710704445e-01   1.9710704445e-01
   4.4850619338e-01   4.4692643550e-01   1.7009447949e+01   2.1520004626e-01   2.1520004626e-01
   4.5166570914e-01   4.5008595126e-01   1.6986755491e+01   2.3325711310e-01   2.3325711310e-01
   4.5482522489e-01   4.5324546702e-01   1.6963533207e+01   2.5127574959e-01   2.5127574959e-01
   4.5798474065e-01   4.5640498277e-01   1.6939744607e+01   2.6924659513e-01   2.6924659513e-01
   4.6114425641e-01   4.5956449853e-01   1.6915348772e+01   2.8716423113e-01   2.8716423113e-01
   4.6430377217e-01   4.6272401429e-01   1.6890282496e+01   3.0503985525e-01   3.0503985525e-01
   4.6746328793e-01   4.6588353005e-01   1.6864467140e+01   3.2289700496e-01   3.2289700496e-01
   4.7062280368e-01   4.6904304581e-01   1.6837890029e+01   3.4071816061e-01   3.4071816061e-01
   4.7378231944e-01   4.7220256156e-01   1.6810660503e+01   3.5840857243e-01   3.5840857243e-01
   4.7694183520e-01   4.7536207732e-01   1.6782852331e+01   3.7590201383e-01   3.7590201383e-01
   4.8010135096e-01   4.7852159308e-01   1.6754443947e+01   3.9319866950e-01   3.9319866950e-01
   4.8326086672e-01   4.8168110884e-01   1.6725370602e+01   4.1032720384e-01   4.1032720384e-01
   4.8642038247e-01   4.8484062459e-01   1.6695568657e+01   4.2731384081e-01   4.2731384081e-01
   4.8957989823e-01   4.8800014035e-01   1.6665022559e+01   4.4415592132e-01   4.4415592132e-01
   4.9257706151e-01   4.9115965611e-01   1.6635437510e+01   4.5993220216e-01   4.5993220216e-01
   4.9541187230e-01   4.9399446690e-01   1.6607093016e+01   4.7459597279e-01   4.7459597279e-01
   4.9824668310e-01   4.9682927770e-01   1.6578502961e+01   4.8893985327e-01   4.8893985327e-01
   5.0108149389e-01   4.9966408849e-01   1.6549704297e+01   5.0294711196e-01   5.0294711196e-01
   5.0391630469e-01   5.0249889929e-01   1.6520660977e+01   5.1663785028e-01   5.1663785028e-01
   5.0675111548e-01   5.0533371008e-01   1.6491298801e+01   5.3005007026e-01   5.3005007026e-01
   5.0958592627e-01   5.0816852088e-01   1.6461611815e+01   5.4319536721e-01   5.4319536721e-01
   5.1242073707e-01   5.1100333167e-01   1.6431830031e+01   5.5598928520e-01   5.5598928520e-01
   5.1525554786e-01   5.1383814247e-01   1.6402348382e+01   5.6827694326e-01   5.6827694326e-01
   5.1809035866e-01   5.1667295326e-01   1.6373239001e+01   5.8003231772e-01   5.8003231772e-01
   5.2092516945e-01   5.1950776406e-01   1.6344122544e+01   5.9141715020e-01   5.9141715020e-01
   5.2375998025e-01   5.2234257485e-01   1.6314764598e+01   6.0253737318e-01   6.0253737318e-01
   5.2659479104e-01   5.2517738565e-01   1.6285129330e+01   6.1341494002e-01   6.1341494002e-01
   5.2942960184e-01   5.2801219644e-01   1.6255348461e+01   6.2400283757e-01   6.2400283757e-01
   5.3226441263e-01   5.3084700723e-01   1.6225459871e+01   6.3428699150e-01   6.3428699150e-01
   5.3509922343e-01   5.3368181803e-01   1.6195526859e+01   6.4424623511e-01   6.4424623511e-01
   5.3793224569e-01   5.3651662882e-01   1.6165547794e+01   6.5388352694e-01   6.5388352694e-01
   5.4076347943e-01   5.3934786256e-01   1.6135592698e+01   6.6318036266e-01   6.6318036266e-01
   5.4359471317e-01   5.4217909630e-01   1.6105637798e+01   6.7214870753e-01   6.7214870753e-01
   5.4642594690e-01   5.4501033004e-01   1.6075772104e+01   6.8076823327e-01   6.8076823327e-01
   5.4925718064e-01   5.4784156377e-01   1.6046033248e+01   6.8903601636e-01   6.8903601636e-01
   5.5208841438e-01   5.5067279751e-01   1.6016547126e+01   6.9692441396e-01   6.9692441396e-01
   5.5491964812e-01   5.5350403125e-01   1.5987277654e+01   7.0444471554e-01   7.0444471554e-01
   5.5775088185e-01   5.5633526498e-01   1.5958004015e+01   7.1164977900e-01   7.1164977900e-01
   5.6058211559e-01   5.5916649872e-01   1.5928341268e+01   7.1863451424e-01   7.1863451424e-01
   5.6341334933e-01   5.6199773246e-01   1.5898371201e+01   7.2538412495e-01   7.2538412495e-01
   5.6624458307e-01   5.6482896620e-01   1.5868524466e+01   7.3179682426e-01   7.3179682426e-01
   5.6907581680e-01   5.6766019993e-01   1.5839058067e+01   7.3780943821e-01   7.3780943821e-01
   5.7190705054e-01   5.7049143367e-01   1.5809977676e+01   7.4341977962e-01   7.4341977962e-01
   5.7473828428e-01   5.7332266741e-01   1.5781233243e+01   7.4864210355e-01   7.4864210355e-01
   5.7756951801e-01   5.7615390115e-01   1.5752825127e+01   7.5348119291e-01   7.5348119291e-01
   5.8040075175e-01   5.7898513488e-01   1.5724769332e+01   7.5793720511e-01   7.5793720511e-01
   5.8338643513e-01   5.8181636862e-01   1.5695538590e+01   7.6223729373e-01   7.6223729373e-01
   5.8652656815e-01   5.8495650164e-01   1.5665207502e+01   7.6629896786e-01   7.6629896786e-01
   5.8966670117e-01   5.8809663466e-01   1.5635392073e+01   7.6988919338e-01   7.6988919338e-01
   5.9280683419e-01   5.9123676768e-01   1.5606177496e+01   7.7299993911e-01   7.7299993911e-01
   5.9594696721e-01   5.9437690070e-01   1.5577589742e+01   7.7563183449e-01   7.7563183449e-01
   5.9908710023e-01   5.9751703372e-01   1.5549636930e+01   7.7778768642e-01   7.7778768642e-01
   6.0222723325e-01   6.0065716674e-01   1.5522330578e+01   7.7946990013e-01   7.7946990013e-01
   6.0536736627e-01   6.0379729976e-01   1.5495699554e+01   7.8068045819e-01   7.8068045819e-01
   6.0850749929e-01   6.0693743278e-01   1.5469755519e+01   7.8142185836e-01   7.8142185836e-01
   6.1164763231e-01   6.1007756580e-01   1.5444427006e+01   7.8169873368e-01   7.8169873368e-01
   6.1478776534e-01   6.1321769883e-01   1.5419646772e+01   7.8151381446e-01   7.8151381446e-01
   6.1792789836e-01   6.1635783185e-01   1.5395399384e+01   7.8086583298e-01   7.8086583298e-01
   6.2106803138e-01   6.1949796487e-01   1.5371686101e+01   7.7975046775e-01   7.7975046775e-01
   6.2420816440e-01   6.2263809789e-01   1.5348489784e+01   7.7816047204e-01   7.7816047204e-01
   6.2734829742e-01   6.2577823091e-01   1.5325766864e+01   7.7608441629e-01   7.7608441629e-01
   6.3048843044e-01   6.2891836393e-01   1.5303460430e+01   7.7350673624e-01   7.7350673624e-01
   6.3369524255e-01   6.3205849695e-01   1.5281059093e+01   7.7034478323e-01   7.7034478323e-01
   6.3696873375e-01   6.3533198815e-01   1.5258556572e+01   7.6653291857e-01   7.6653291857e-01
   6.4024222495e-01   6.3860547935e-01   1.5236340429e+01   7.6210368296e-01   7.6210368296e-01
   6.4351571615e-01   6.4187897055e-01   1.5214284664e+01   7.5700730222e-01   7.5700730222e-01
   6.4678920735e-01   6.4515246175e-01   1.5192235124e+01   7.5117864415e-01   7.5117864415e-01
   6.5006269855e-01   6.4842595295e-01   1.5170022029e+01   7.4453950171e-01   7.4453950171e-01
   6.5333618975e-01   6.5169944415e-01   1.5147474810e+01   7.3700585118e-01   7.3700585118e-01
   6.5660968095e-01   6.5497293535e-01   1.5124472984e+01   7.2851382195e-01   7.2851382195e-01
   6.5988317215e-01   6.5824642655e-01   1.5101032919e+01   7.1906418790e-01   7.1906418790e-01
   6.6315666336e-01   6.6151991776e-01   1.5077265180e+01   7.0870841708e-01   7.0870841708e-01
   6.6643015456e-01   6.6479340896e-01   1.5053095822e+01   6.9742060357e-01   6.9742060357e-01
   6.6970364576e-01   6.6806690016e-01   1.5028189484e+01   6.8504668743e-01   6.8504668743e-01
   6.7297713696e-01   6.7134039136e-01   1.5002035153e+01   6.7133186930e-01   6.7133186930e-01
   6.7625062816e-01   6.7461388256e-01   1.4974146771e+01   6.5602665462e-01   6.5602665462e-01
   6.7952411936e-01   6.7788737376e-01   1.4944359202e+01   6.3906288344e-01   6.3906288344e-01
   6.8279761056e-01   6.8116086496e-01   1.4912792104e+01   6.2054694639e-01   6.2054694639e-01
   6.8656219312e-01   6.8443435616e-01   1.4874291395e+01   5.9744441367e-01   5.9744441367e-01
   6.9081786702e-01   6.8869003007e-01   1.4826710988e+01   5.6832953579e-01   5.6832953579e-01
   6.9507354093e-01   6.9294570398e-01   1.4774324280e+01   5.3597043233e-01   5.3597043233e-01
   6.9932921484e-01   6.9720137789e-01   1.4715534716e+01   4.9964131503e-01   4.9964131503e-01
   7.0358488875e-01   7.0145705180e-01   1.4649547495e+01   4.5918477684e-01   4.5918477684e-01
   7.0784056266e-01   7.0571272571e-01   1.4574708389e+01   4.1398915166e-01   4.1398915166e-01
   7.1209623657e-01   7.0996839962e-01   1.4489762884e+01   3.6375431175e-01   3.6375431175e-01
   7.1635191048e-01   7.1422407353e-01   1.4395307040e+01   3.0938037624e-01   3.0938037624e-01
   7.2091457533e-01   7.1847974743e-01   1.4281413165e+01   2.4583579913e-01   2.4583579913e-01
   7.2578423111e-01   7.2334940322e-01   1.4144927755e+01   1.7263990347e-01   1.7263990347e-01
   7.3065388689e-01   7.2821905900e-01   1.3989968541e+01   9.3088905623e-02   9.3088905623e-02
   7.3552354267e-01   7.3308871478e-01   1.3819838936e+01   9.7408419697e-03   9.7408419697e-03
   7.3972165897e-01   7.3795837056e-01   1.3659715101e+01  -6.4881599021e-02  -6.4881599021e-02
   7.4324823578e-01   7.4148494738e-01   1.3513144279e+01  -1.3057992785e-01  -1.3057992785e-01
   7.4677481260e-01   7.4501152419e-01   1.3354520165e+01  -1.9895112063e-01  -1.9895112063e-01
   7.5030138941e-01   7.4853810100e-01   1.3187710968e+01  -2.6804107292e-01  -2.6804107292e-01
   7.5358038430e-01   7.5206467782e-01   1.3026789801e+01  -3.3194729723e-01  -3.3194729723e-01
   7.5661179728e-01   7.5509609079e-01   1.2873377097e+01  -3.9059815149e-01  -3.9059815149e-01
   7.5964321026e-01   7.5812750377e-01   1.2715779415e+01  -4.4850791373e-01  -4.4850791373e-01
   7.6267462324e-01   7.6115891675e-01   1.2555226234e+01  -5.0509368158e-01  -5.0509368158e-01
   7.6565346554e-01   7.6419032973e-01   1.2395729876e+01  -5.5885761151e-01  -5.5885761151e-01
   7.6857973717e-01   7.6711660136e-01   1.2238189504e+01  -6.0956346595e-01  -6.0956346595e-01
   7.7150600880e-01   7.7004287299e-01   1.2080482132e+01  -6.5785280175e-01  -6.5785280175e-01
   7.7443228043e-01   7.7296914462e-01   1.1923433200e+01  -7.0340025417e-01  -7.0340025417e-01
   7.7745626178e-01   7.7589541625e-01   1.1762961409e+01  -7.4724573774e-01  -7.4724573774e-01
   7.8057795284e-01   7.7901710731e-01   1.1601051749e+01  -7.8843137393e-01  -7.8843137393e-01
   7.8369964391e-01   7.8213879837e-01   1.1444865023e+01  -8.2497845853e-01  -8.2497845853e-01
   7.8682133497e-01   7.8526048944e-01   1.1295892765e+01  -8.5647155632e-01  -8.5647155632e-01
   7.9055471834e-01   7.8838218050e-01   1.1127726951e+01  -8.8773064130e-01  -8.8773064130e-01
   7.9489979401e-01   7.9272725617e-01   1.0950484121e+01  -9.1317579037e-01  -9.1317579037e-01
   7.9924486968e-01   7.9707233185e-01   1.0795158941e+01  -9.2683761356e-01  -9.2683761356e-01
   8.0358994535e-01   8.0141740752e-01   1.0665691328e+01  -9.2773257732e-01  -9.2773257732e-01
   8.0806065333e-01   8.0576248319e-01   1.0559521157e+01  -9.1495976044e-01  -9.1495976044e-01
   8.1265699362e-01   8.1035882347e-01   1.0483478040e+01  -8.8668131230e-01  -8.8668131230e-01
   8.1725333390e-01   8.1495516376e-01   1.0440585301e+01  -8.4292922644e-01  -8.4292922644e-01
   8.2184967419e-01   8.1955150404e-01   1.0431547390e+01  -7.8514628626e-01  -7.8514628626e-01
   8.2644601447e-01   8.2414784433e-01   1.0454853441e+01  -7.1273348790e-01  -7.1273348790e-01
   8.3104235475e-01   8.2874418461e-01   1.0508651351e+01  -6.2618677102e-01  -6.2618677102e-01
   8.3563869504e-01   8.3334052490e-01   1.0588606314e+01  -5.2861613108e-01  -5.2861613108e-01
   8.4023503532e-01   8.3793686518e-01   1.0688861755e+01  -4.2325273931e-01  -4.2325273931e-01
   8.4501519058e-01   8.4253320546e-01   1.0811113725e+01  -3.0534033646e-01  -3.0534033646e-01
   8.4997916081e-01   8.4749717570e-01   1.0955557422e+01  -1.7269067447e-01  -1.7269067447e-01
   8.5494313105e-01   8.5246114593e-01   1.1109969092e+01  -3.3563660304e-02  -3.3563660304e-02
   8.5990710128e-01   8.5742511616e-01   1.1268874705e+01   1.1028902045e-01   1.1028902045e-01
   8.6426662859e-01   8.6238908640e-01   1.1403959900e+01   2.3590797899e-01   2.3590797899e-01
   8.6802171299e-01   8.6614417079e-01   1.1509866092e+01   3.3818158099e-01   3.3818158099e-01
   8.7177679738e-01   8.6989925519e-01   1.1604891683e+01   4.3522212816e-01   4.3522212816e-01
   8.7553188178e-01   8.7365433958e-01   1.1689543075e+01   5.2870804408e-01   5.2870804408e-01
   8.7928696617e-01   8.7740942398e-01   1.1762874758e+01   6.1928422937e-01   6.1928422937e-01
   8.8304205057e-01   8.8116450837e-01   1.1821963812e+01   7.0555712305e-01   7.0555712305e-01
   8.8679713496e-01   8.8491959277e-01   1.1862636921e+01   7.8380765190e-01   7.8380765190e-01
   8.9055221936e-01   8.8867467716e-01   1.1882833595e+01   8.5192041935e-01   8.5192041935e-01
   8.9403597673e-01   8.9242976156e-01   1.1882321935e+01   9.0657225576e-01   9.0657225576e-01
   8.9724840707e-01   8.9564219190e-01   1.1865860242e+01   9.5119746526e-01   9.5119746526e-01
   9.0046083741e-01   8.9885462224e-01   1.1832563687e+01   9.8978394659e-01   9.8978394659e-01
   9.0367326775e-01   9.0206705258e-01   1.1782207739e+01   1.0210296449e+00   1.0210296449e+00
   9.0688569809e-01   9.0527948292e-01   1.1713649507e+01   1.0446983708e+00   1.0446983708e+00
   9.1009812843e-01   9.0849191326e-01   1.1624747456e+01   1.0614794247e+00   1.0614794247e+00
   9.1331055877e-01   9.1170434360e-01   1.1515757148e+01   1.0716968927e+00   1.0716968927e+00
   9.1652298911e-01   9.1491677394e-01   1.1388807321e+01   1.0753764775e+00   1.0753764775e+00
   9.1952986485e-01   9.1812920428e-01   1.1251974553e+01   1.0729121277e+00   1.0729121277e+00
   9.2233118598e-01   9.2093052542e-01   1.1108810783e+01   1.0660344584e+00   1.0660344584e+00
   9.2513250711e-01   9.2373184655e-01   1.0949671802e+01   1.0547507820e+00   1.0547507820e+00
   9.2793382825e-01   9.2653316768e-01   1.0773173034e+01   1.0391702648e+00   1.0391702648e+00
   9.3131258983e-01   9.2933448881e-01   1.0536749621e+01   1.0153102289e+00   1.0153102289e+00
   9.3526879187e-01   9.3329069085e-01   1.0214507702e+01   9.7912262087e-01   9.7912262087e-01
   9.3884591097e-01   9.3724689289e-01   9.8821244730e+00   9.3968191240e-01   9.3968191240e-01
   9.4204394712e-01   9.4044492904e-01   9.5591243926e+00   9.0049698687e-01   9.0049698687e-01
   9.4505271409e-01   9.4364296519e-01   9.2380790183e+00   8.6127176399e-01   8.6127176399e-01
   9.4787221188e-01   9.4646246299e-01   8.9244447524e+00   8.2311338326e-01   8.2311338326e-01
   9.5185063744e-01   9.4928196078e-01   8.4574112522e+00   7.6696665006e-01   7.6696665006e-01
   9.5674647920e-01   9.5441931409e-01   7.8111329075e+00   6.9195424112e-01   6.9195424112e-01
   9.6121863440e-01   9.5907364431e-01   7.1655776668e+00   6.2028629829e-01   6.2028629829e-01
   9.6537540157e-01   9.6336362449e-01   6.5221525506e+00   5.5225382497e-01   5.5225382497e-01
   9.6929591930e-01   9.6738717865e-01   5.8796505687e+00   4.8762542705e-01   4.8762542705e-01
   9.7303040947e-01   9.7120465994e-01   5.2375405834e+00   4.2612682028e-01   4.2612682028e-01
   9.7661410360e-01   9.7485615900e-01   4.5956070218e+00   3.6745156795e-01   3.6745156795e-01
   9.8007549866e-01   9.7837204820e-01   3.9537121871e+00   3.1126636557e-01   3.1126636557e-01
   9.8264032190e-01   9.8177894912e-01   3.4645398879e+00   2.7008960994e-01   2.7008960994e-01
   9.8433774646e-01   9.8350169468e-01   3.1369489431e+00   2.4301177646e-01   2.4301177646e-01
   9.8602221500e-01   9.8517379823e-01   2.8085713427e+00   2.1631494704e-01   2.1631494704e-01
   9.8795604396e-01   9.8687063176e-01   2.4281988387e+00   1.8586870472e-01   1.8586870472e-01
   9.9067933713e-01   9.8904145615e-01   1.8872562864e+00   1.4333783496e-01   1.4333783496e-01
   9.9349215455e-01   9.9231721811e-01   1.3218090918e+00   9.9856526242e-02   9.9856526242e-02
   9.9733354550e-01   9.9466709099e-01   5.4446354907e-01   4.0790489663e-02   4.0790489663e-02