# time = 1000
# FINE UNIFORM Grid points = 361
# Pressure (Pa) = 101325
#         1_posUnif              2_Rkk           3_thetaZ           4_thetaY           5_thetaX            6_xmap1            7_xmap2
  -1.0000000000e+00   3.2295666454e-03   2.8118283117e-03  -2.8118160485e-03   7.8539421027e-01   9.5413937912e-01   0.0000000000e+00
  -9.9444444444e-01   1.0521933859e-01  -1.2097035117e-02   1.2096150097e-02   7.8532499784e-01   6.5233814866e-01   0.0000000000e+00
  -9.8888888889e-01   4.1482231333e-01  -1.2137150472e-02   1.2136256620e-02   7.8532451188e-01   6.5069168841e-01   0.0000000000e+00
  -9.8333333333e-01   8.9706985151e-01  -1.2092961023e-02   1.2092076899e-02   7.8532504721e-01   6.4329966515e-01   0.0000000000e+00
  -9.7777777778e-01   1.4921879673e+00  -1.1731111056e-02   1.1730303937e-02   7.8532935705e-01   6.2911432738e-01   0.0000000000e+00
  -9.7222222222e-01   2.1264973532e+00  -1.0974322077e-02   1.0973661298e-02   7.8533794805e-01   6.0812936579e-01   0.0000000000e+00
  -9.6666666667e-01   2.7274182856e+00  -1.0185265432e-02   1.0184737178e-02   7.8534629540e-01   5.8060902504e-01   1.9229626864e-16
  -9.6111111111e-01   3.2377320889e+00  -9.7578060800e-03   9.7573415738e-03   7.8535055753e-01   5.4725081695e-01  -3.8459253728e-16
  -9.5555555556e-01   3.6250215088e+00  -9.6777041355e-03   9.6772509753e-03   7.8535133588e-01   5.0907837729e-01   1.9229626864e-16
  -9.5000000000e-01   3.8838482963e+00  -9.8911728980e-03   9.8906890875e-03   7.8534924745e-01   4.6776877983e-01   0.0000000000e+00
  -9.4444444444e-01   4.0293986405e+00  -1.0099327985e-02   1.0098812985e-02   7.8534716699e-01   4.2575096231e-01   1.9229626864e-16
  -9.3888888889e-01   4.0838505826e+00  -9.8939474845e-03   9.8934632708e-03   7.8534921987e-01   3.8547338583e-01   3.8459253728e-16
  -9.3333333333e-01   4.0664824783e+00  -8.6008449330e-03   8.6005268392e-03   7.8536117708e-01   3.4831207634e-01  -5.7688880592e-16
  -9.2777777778e-01   4.0015483722e+00  -6.0689996357e-03   6.0688878682e-03   7.8537974735e-01   3.1539636955e-01   0.0000000000e+00
  -9.2222222222e-01   3.9153635596e+00  -2.9251693389e-03   2.9251568433e-03   7.8539388519e-01   2.8822873110e-01   0.0000000000e+00
  -9.1666666667e-01   3.8290266399e+00  -4.8843334774e-04   4.8843479058e-04   7.8539804411e-01   2.6849463997e-01   0.0000000000e+00
  -9.1111111111e-01   3.7581436565e+00   2.6134405187e-06  -2.6134484404e-06   7.8539816343e-01   2.5752232131e-01  -3.8459253728e-16
  -9.0555555556e-01   3.7088932738e+00  -1.4282913040e-03   1.4282946915e-03   7.8539714344e-01   2.5509126594e-01   0.0000000000e+00
  -9.0000000000e-01   3.6792753497e+00  -3.2311083793e-03   3.2310915107e-03   7.8539294343e-01   2.5953044744e-01   0.0000000000e+00
  -8.9444444444e-01   3.6652348697e+00  -4.0823529516e-03   4.0823189428e-03   7.8538983063e-01   2.6853061075e-01   0.0000000000e+00
  -8.8888888889e-01   3.6612405006e+00  -3.3989129660e-03   3.3988933373e-03   7.8539238713e-01   2.7967704252e-01   1.9229626864e-16
  -8.8333333333e-01   3.6651288063e+00  -1.4602681222e-03   1.4602715420e-03   7.8539709720e-01   2.9149403309e-01   0.0000000000e+00
  -8.7777777778e-01   3.6779357899e+00   9.8743560072e-04  -9.8743828258e-04   7.8539767597e-01   3.0346653183e-01   0.0000000000e+00
  -8.7222222222e-01   3.7000706560e+00   3.9810805232e-03  -3.9810489822e-03   7.8539023892e-01   3.1546774772e-01   0.0000000000e+00
  -8.6666666667e-01   3.7286834105e+00   7.2905622280e-03  -7.2903684819e-03   7.8537158773e-01   3.2723032599e-01  -3.8459253728e-16
  -8.6111111111e-01   3.7591324410e+00   9.8288352346e-03  -9.8283605134e-03   7.8534986202e-01   3.3836486229e-01  -3.8459253728e-16
  -8.5555555556e-01   3.7880506768e+00   1.0600345944e-02  -1.0599750438e-02   7.8534198188e-01   3.4855428137e-01  -3.8459253728e-16
  -8.5000000000e-01   3.8110190815e+00   9.6589164121e-03  -9.6584658864e-03   7.8535151751e-01   3.5739083877e-01   0.0000000000e+00
  -8.4444444444e-01   3.8207835558e+00   7.5028785486e-03  -7.5026673776e-03   7.8537001734e-01   3.6404213777e-01   1.9229626864e-16
  -8.3888888889e-01   3.8136700644e+00   4.6384240513e-03  -4.6383741531e-03   7.8538740600e-01   3.6821088507e-01   0.0000000000e+00
  -8.3333333333e-01   3.7918589516e+00   1.4652165135e-03  -1.4652199381e-03   7.8539709000e-01   3.7058174345e-01   1.9229626864e-16
  -8.2777777778e-01   3.7610466774e+00  -1.5578761952e-03   1.5578796953e-03   7.8539694990e-01   3.7209610473e-01  -1.9229626864e-16
  -8.2222222222e-01   3.7296434705e+00  -3.9008031327e-03   3.9007734609e-03   7.8539055534e-01   3.7375102091e-01   0.0000000000e+00
  -8.1666666667e-01   3.7041003233e+00  -5.2020330729e-03   5.2019626914e-03   7.8538463295e-01   3.7622779638e-01   1.9229626864e-16
  -8.1111111111e-01   3.6875466029e+00  -5.6268575956e-03   5.6267685296e-03   7.8538233290e-01   3.7970740145e-01   0.0000000000e+00
  -8.0555555556e-01   3.6794166674e+00  -5.9400400878e-03   5.9399353050e-03   7.8538052154e-01   3.8396934788e-01   0.0000000000e+00
  -8.0000000000e-01   3.6764250702e+00  -6.5564120604e-03   6.5562711548e-03   7.8537667048e-01   3.8849663851e-01   0.0000000000e+00
  -7.9444444444e-01   3.6755997305e+00  -7.4515620442e-03   7.4513551777e-03   7.8537040104e-01   3.9305344207e-01   1.9229626864e-16
  -7.8888888889e-01   3.6727986377e+00  -8.3708721888e-03   8.3705789334e-03   7.8536312850e-01   3.9736646884e-01   0.0000000000e+00
  -7.8333333333e-01   3.6656548116e+00  -9.3313460531e-03   9.3309398281e-03   7.8535462764e-01   4.0120121535e-01   0.0000000000e+00
  -7.7777777778e-01   3.6516037261e+00  -1.0199054134e-02   1.0198523730e-02   7.8534615495e-01   4.0407982095e-01   0.0000000000e+00
  -7.7222222222e-01   3.6305099997e+00  -1.0999297643e-02   1.0998632343e-02   7.8533767354e-01   4.0607046421e-01   1.9229626864e-16
  -7.6666666667e-01   3.6038722846e+00  -1.1689567369e-02   1.1688768795e-02   7.8532984349e-01   4.0774383534e-01   0.0000000000e+00
  -7.6111111111e-01   3.5731267544e+00  -1.2027990869e-02   1.2027120915e-02   7.8532583059e-01   4.0933405881e-01   1.9229626864e-16
  -7.5555555556e-01   3.5383524226e+00  -1.1621574864e-02   1.1620790144e-02   7.8533063603e-01   4.1060409933e-01   1.9229626864e-16
  -7.5000000000e-01   3.4993680890e+00  -1.0194943784e-02   1.0194414023e-02   7.8534619683e-01   4.1129952596e-01   0.0000000000e+00
  -7.4444444444e-01   3.4576730385e+00  -7.5508710876e-03   7.5506558393e-03   7.8536965610e-01   4.1154551380e-01   0.0000000000e+00
  -7.3888888889e-01   3.4161439183e+00  -3.9353009992e-03   3.9352705256e-03   7.8539042013e-01   4.1180102461e-01   0.0000000000e+00
  -7.3333333333e-01   3.3783461586e+00  -3.6080835601e-04   3.6080943448e-04   7.8539809833e-01   4.1257797486e-01   0.0000000000e+00
  -7.2777777778e-01   3.3438889400e+00   2.2455117611e-03  -2.2455061066e-03   7.8539564221e-01   4.1375020117e-01   0.0000000000e+00
  -7.2222222222e-01   3.3092415384e+00   3.6693852175e-03  -3.6693605130e-03   7.8539143122e-01   4.1495006290e-01   0.0000000000e+00
  -7.1666666667e-01   3.2728841487e+00   3.9702984547e-03  -3.9702671770e-03   7.8539028190e-01   4.1603520649e-01  -3.8459253728e-16
  -7.1111111111e-01   3.2333535740e+00   3.2715370764e-03  -3.2715195660e-03   7.8539281193e-01   4.1667706826e-01  -3.8459253728e-16
  -7.0555555556e-01   3.1900820088e+00   2.2391215454e-03  -2.2391159515e-03   7.8539565668e-01   4.1650664968e-01   0.0000000000e+00
  -7.0000000000e-01   3.1423866846e+00   1.3356149507e-03  -1.3356182291e-03   7.8539727154e-01   4.1525814459e-01   0.0000000000e+00
  -6.9444444444e-01   3.0934389842e+00   6.6916413887e-04  -6.6916607035e-04   7.8539793954e-01   4.1352629892e-01   1.9229626864e-16
  -6.8888888889e-01   3.0483045735e+00   2.7323369314e-04  -2.7323451475e-04   7.8539812606e-01   4.1228057245e-01   1.9229626864e-16
  -6.8333333333e-01   3.0087077875e+00   1.6075467420e-04  -1.6075516012e-04   7.8539815044e-01   4.1190908303e-01   1.9229626864e-16
  -6.7777777778e-01   2.9728006371e+00   8.3709236477e-05  -8.3709490021e-05   7.8539815992e-01   4.1233163378e-01  -3.8459253728e-16
  -6.7222222222e-01   2.9397641870e+00   2.5345296384e-04  -2.5345372683e-04   7.8539813134e-01   4.1347381209e-01   0.0000000000e+00
  -6.6666666667e-01   2.9118294962e+00   1.1426640036e-03  -1.1426669849e-03   7.8539751055e-01   4.1528841737e-01   0.0000000000e+00
  -6.6111111111e-01   2.8883066283e+00   2.7864089405e-03  -2.7863981200e-03   7.8539428146e-01   4.1718754942e-01   0.0000000000e+00
  -6.5555555556e-01   2.8674069309e+00   4.8174316746e-03  -4.8173757850e-03   7.8538655971e-01   4.1860434556e-01  -3.8459253728e-16
  -6.5000000000e-01   2.8492976212e+00   7.0190298904e-03  -7.0188569952e-03   7.8537353044e-01   4.1945613813e-01  -3.8459253728e-16
  -6.4444444444e-01   2.8348391570e+00   9.2188729619e-03  -9.2184812520e-03   7.8535567087e-01   4.1988302700e-01   1.9229626864e-16
  -6.3888888889e-01   2.8248755451e+00   1.1111910330e-02  -1.1111224385e-02   7.8533642871e-01   4.2019506843e-01   0.0000000000e+00
  -6.3333333333e-01   2.8183925401e+00   1.2312288110e-02  -1.2311355004e-02   7.8532237103e-01   4.2038573908e-01   1.9229626864e-16
  -6.2777777778e-01   2.8144330327e+00   1.2686538074e-02  -1.2685517272e-02   7.8531769358e-01   4.2050104945e-01   1.9229626864e-16
  -6.2222222222e-01   2.8135826699e+00   1.2900384649e-02  -1.2899311355e-02   7.8531495811e-01   4.2080404781e-01   0.0000000000e+00
  -6.1666666667e-01   2.8162290354e+00   1.3594485598e-02  -1.3593229591e-02   7.8530576412e-01   4.2120382482e-01   0.0000000000e+00
  -6.1111111111e-01   2.8221445190e+00   1.4394053712e-02  -1.4392562818e-02   7.8529457622e-01   4.2148486175e-01   0.0000000000e+00
  -6.0555555556e-01   2.8323689030e+00   1.4756241111e-02  -1.4754634834e-02   7.8528929796e-01   4.2190845111e-01   0.0000000000e+00
  -6.0000000000e-01   2.8451135377e+00   1.4155297974e-02  -1.4153880040e-02   7.8529798387e-01   4.2225960611e-01   0.0000000000e+00
  -5.9444444444e-01   2.8570222998e+00   1.2692401742e-02  -1.2691379528e-02   7.8531761923e-01   4.2199778181e-01   1.9229626864e-16
  -5.8888888889e-01   2.8630630681e+00   1.1039328024e-02  -1.1038655435e-02   7.8533723251e-01   4.2055769940e-01  -3.8459253728e-16
  -5.8333333333e-01   2.8622468325e+00   9.9754606068e-03  -9.9749643231e-03   7.8534841015e-01   4.1830322938e-01   1.9229626864e-16
  -5.7777777778e-01   2.8574403398e+00   9.8730124732e-03  -9.8725313228e-03   7.8534942676e-01   4.1597177939e-01   0.0000000000e+00
  -5.7222222222e-01   2.8497123676e+00   1.0765766087e-02  -1.0765142267e-02   7.8534021486e-01   4.1376212196e-01   0.0000000000e+00
  -5.6666666667e-01   2.8408471009e+00   1.2118258884e-02  -1.2117369196e-02   7.8532474098e-01   4.1195636542e-01   0.0000000000e+00
  -5.6111111111e-01   2.8320572676e+00   1.3420470198e-02  -1.3419261803e-02   7.8530811426e-01   4.1066190662e-01   0.0000000000e+00
  -5.5555555556e-01   2.8217688105e+00   1.4406945007e-02  -1.4405450106e-02   7.8529439059e-01   4.0926119601e-01  -3.8459253728e-16
  -5.5000000000e-01   2.8092222281e+00   1.4769581710e-02  -1.4767971072e-02   7.8528910104e-01   4.0735445618e-01   0.0000000000e+00
  -5.4444444444e-01   2.7950285603e+00   1.4354266524e-02  -1.4352787957e-02   7.8529514802e-01   4.0506978412e-01   0.0000000000e+00
  -5.3888888889e-01   2.7792006827e+00   1.3373196612e-02  -1.3372000942e-02   7.8530874759e-01   4.0254514694e-01   0.0000000000e+00
  -5.3333333333e-01   2.7608127884e+00   1.1988432685e-02  -1.1987571284e-02   7.8532630564e-01   3.9993933424e-01  -1.9229626864e-16
  -5.2777777778e-01   2.7376831393e+00   1.0397684785e-02  -1.0397122785e-02   7.8534410947e-01   3.9743302598e-01   0.0000000000e+00
  -5.2222222222e-01   2.7093987520e+00   8.4044861421e-03  -8.4041893393e-03   7.8536284664e-01   3.9507912002e-01   0.0000000000e+00
  -5.1666666667e-01   2.6765480298e+00   5.7563071871e-03  -5.7562118278e-03   7.8538159610e-01   3.9290644851e-01  -5.7688880592e-16
  -5.1111111111e-01   2.6397969481e+00   2.5377464897e-03  -2.5377383144e-03   7.8539494337e-01   3.9115256282e-01   1.9229626864e-16
  -5.0555555556e-01   2.5999898915e+00  -8.3877271658e-04   8.3877506827e-04   7.8539781167e-01   3.8988922368e-01  -1.9229626864e-16
  -5.0000000000e-01   2.5584353052e+00  -3.9624436943e-03   3.9624125918e-03   7.8539031303e-01   3.8899911290e-01  -5.7688880592e-16
  -4.9444444444e-01   2.5148602042e+00  -6.6185748773e-03   6.6184299263e-03   7.8537626100e-01   3.8806634182e-01   0.0000000000e+00
  -4.8888888889e-01   2.4700088692e+00  -8.8457526538e-03   8.8454066014e-03   7.8535904078e-01   3.8701260361e-01   0.0000000000e+00
  -4.8333333333e-01   2.4255807607e+00  -1.0620009235e-02   1.0619410408e-02   7.8534177328e-01   3.8615087103e-01   1.9229626864e-16
  -4.7777777778e-01   2.3822930298e+00  -1.1907278137e-02   1.1906434112e-02   7.8532727515e-01   3.8560157661e-01   0.0000000000e+00
  -4.7222222222e-01   2.3403011340e+00  -1.2935381491e-02   1.2934299443e-02   7.8531450612e-01   3.8538920317e-01   1.9229626864e-16
  -4.6666666667e-01   2.3000901013e+00  -1.3775365514e-02   1.3774058705e-02   7.8530328912e-01   3.8554572823e-01   1.9229626864e-16
  -4.6111111111e-01   2.2624531521e+00  -1.4480001266e-02   1.4478483507e-02   7.8529333550e-01   3.8600861749e-01   1.9229626864e-16
  -4.5555555556e-01   2.2275623568e+00  -1.4918419506e-02   1.4916759686e-02   7.8528689200e-01   3.8667968836e-01  -3.8459253728e-16
  -4.5000000000e-01   2.1955202412e+00  -1.4737802611e-02   1.4736202346e-02   7.8528956989e-01   3.8749863146e-01   0.0000000000e+00
  -4.4444444444e-01   2.1661002166e+00  -1.3779463197e-02   1.3778155226e-02   7.8530323258e-01   3.8841593084e-01   0.0000000000e+00
  -4.3888888889e-01   2.1379258452e+00  -1.1932370590e-02   1.1931521221e-02   7.8532697602e-01   3.8909372043e-01   0.0000000000e+00
  -4.3333333333e-01   2.1097277527e+00  -8.9193764246e-03   8.9190216576e-03   7.8535838690e-01   3.8924059683e-01  -1.9229626864e-16
  -4.2777777778e-01   2.0825709511e+00  -4.9080066552e-03   4.9079475435e-03   7.8538611931e-01   3.8917068181e-01  -3.8459253728e-16
  -4.2222222222e-01   2.0568735180e+00  -3.4007670249e-04   3.4007772059e-04   7.8539810558e-01   3.8896178025e-01   0.0000000000e+00
  -4.1666666667e-01   2.0322854817e+00   4.5784725935e-03  -4.5784246125e-03   7.8538768237e-01   3.8850311417e-01   0.0000000000e+00
  -4.1111111111e-01   2.0083174136e+00   9.8538698849e-03  -9.8533915300e-03   7.8534961556e-01   3.8768013493e-01  -1.9229626864e-16
  -4.0555555556e-01   1.9849349060e+00   1.5478954340e-02  -1.5477100331e-02   7.8527837396e-01   3.8640749215e-01   0.0000000000e+00
  -4.0000000000e-01   1.9635407849e+00   2.1431035686e-02  -2.1426115915e-02   7.8516855389e-01   3.8506111197e-01   0.0000000000e+00
  -3.9444444444e-01   1.9458296406e+00   2.7578207941e-02  -2.7567726631e-02   7.8501798099e-01   3.8396066012e-01   0.0000000000e+00
  -3.8888888889e-01   1.9322832668e+00   3.3811186538e-02  -3.3791876904e-02   7.8482678289e-01   3.8336785110e-01   1.9229626864e-16
  -3.8333333333e-01   1.9215679521e+00   3.9625059919e-02  -3.9593988316e-02   7.8461350125e-01   3.8325022488e-01   0.0000000000e+00
  -3.7777777778e-01   1.9123823830e+00   4.4572093140e-02  -4.4527884467e-02   7.8440548469e-01   3.8351840949e-01   1.9229626864e-16
  -3.7222222222e-01   1.9041485554e+00   4.8295579792e-02  -4.8239354970e-02   7.8423283726e-01   3.8415862089e-01   0.0000000000e+00
  -3.6666666667e-01   1.8965792680e+00   5.0812521968e-02  -5.0747052756e-02   7.8410831650e-01   3.8511452005e-01  -3.8459253728e-16
  -3.6111111111e-01   1.8889291217e+00   5.2447100949e-02  -5.2375117198e-02   7.8402407306e-01   3.8589734771e-01  -3.8459253728e-16
  -3.5555555556e-01   1.8807399135e+00   5.3544183044e-02  -5.3467593564e-02   7.8396604110e-01   3.8627083906e-01   0.0000000000e+00
  -3.5000000000e-01   1.8715885675e+00   5.4466866348e-02  -5.4386254845e-02   7.8391630772e-01   3.8622180113e-01   1.9229626864e-16
  -3.4444444444e-01   1.8614463135e+00   5.5460369564e-02  -5.5375272877e-02   7.8386181089e-01   3.8596819273e-01   1.9229626864e-16
  -3.3888888889e-01   1.8509584698e+00   5.6580833645e-02  -5.6490482923e-02   7.8379917275e-01   3.8579996226e-01  -3.8459253728e-16
  -3.3333333333e-01   1.8403651165e+00   5.7637856122e-02  -5.7542355138e-02   7.8373893771e-01   3.8576438277e-01   0.0000000000e+00
  -3.2777777778e-01   1.8294843670e+00   5.8437989988e-02  -5.8338463186e-02   7.8369260359e-01   3.8575408037e-01  -3.8459253728e-16
  -3.2222222222e-01   1.8179790213e+00   5.8566805791e-02  -5.8466620501e-02   7.8368508472e-01   3.8541511532e-01  -3.8459253728e-16
  -3.1666666667e-01   1.8053091229e+00   5.7948114159e-02  -5.7851065246e-02   7.8372104682e-01   3.8437196546e-01  -3.8459253728e-16
  -3.1111111111e-01   1.7911878510e+00   5.6903148135e-02  -5.6811247056e-02   7.8378092313e-01   3.8257303364e-01   1.9229626864e-16
  -3.0555555556e-01   1.7754011455e+00   5.5789023916e-02  -5.5702407781e-02   7.8384356718e-01   3.8015759178e-01   0.0000000000e+00
  -3.0000000000e-01   1.7582935632e+00   5.4528610541e-02  -5.4447724986e-02   7.8391294944e-01   3.7737312922e-01   1.9229626864e-16
  -2.9444444444e-01   1.7403703061e+00   5.2959454697e-02  -5.2885343642e-02   7.8399712027e-01   3.7447576297e-01   0.0000000000e+00
  -2.8888888889e-01   1.7215218096e+00   5.1015735704e-02  -5.0949478879e-02   7.8409798781e-01   3.7148613415e-01  -3.8459253728e-16
  -2.8333333333e-01   1.7012415899e+00   4.8415769446e-02  -4.8359124299e-02   7.8422703452e-01   3.6817344767e-01  -3.8459253728e-16
  -2.7777777778e-01   1.6794404071e+00   4.4882163061e-02  -4.4837026265e-02   7.8439163461e-01   3.6468643240e-01   1.9229626864e-16
  -2.7222222222e-01   1.6565851603e+00   4.0460157502e-02  -4.0427081361e-02   7.8458009742e-01   3.6136959454e-01   1.9229626864e-16
  -2.6666666667e-01   1.6335991847e+00   3.5189581600e-02  -3.5167814318e-02   7.8477926547e-01   3.5848376801e-01   0.0000000000e+00
  -2.6111111111e-01   1.6114130183e+00   2.9183577060e-02  -2.9171157585e-02   7.8497244369e-01   3.5612679618e-01   0.0000000000e+00
  -2.5555555556e-01   1.5902953492e+00   2.3119207111e-02  -2.3113031075e-02   7.8513096212e-01   3.5425015920e-01   0.0000000000e+00
  -2.5000000000e-01   1.5699931068e+00   1.7520311285e-02  -1.7517622904e-02   7.8524469852e-01   3.5274231093e-01   0.0000000000e+00
  -2.4444444444e-01   1.5501742857e+00   1.2369585488e-02  -1.2368639299e-02   7.8532166394e-01   3.5145128453e-01   0.0000000000e+00
  -2.3888888889e-01   1.5311114154e+00   7.5075894154e-03  -7.5073778533e-03   7.8536998201e-01   3.5029134107e-01   0.0000000000e+00
  -2.3333333333e-01   1.5132232897e+00   3.0493840700e-03  -3.0493699104e-03   7.8539351411e-01   3.4940444882e-01   1.9229626864e-16
  -2.2777777778e-01   1.4968811055e+00  -7.6559405996e-04   7.6559623553e-04   7.8539787038e-01   3.4894533948e-01  -3.8459253728e-16
  -2.2222222222e-01   1.4819991444e+00  -3.8207138137e-03   3.8206859265e-03   7.8539086461e-01   3.4902351724e-01   1.9229626864e-16
  -2.1666666667e-01   1.4679978964e+00  -6.3288796260e-03   6.3287528844e-03   7.8537813629e-01   3.4954958773e-01   0.0000000000e+00
  -2.1111111111e-01   1.4541495406e+00  -8.5889860152e-03   8.5886692271e-03   7.8536127907e-01   3.5028651287e-01   0.0000000000e+00
  -2.0555555556e-01   1.4403679317e+00  -1.0809752519e-02   1.0809121020e-02   7.8533974030e-01   3.5129013769e-01   0.0000000000e+00
  -2.0000000000e-01   1.4269167027e+00  -1.3266650932e-02   1.3265483608e-02   7.8531016665e-01   3.5262866625e-01   0.0000000000e+00
  -1.9444444444e-01   1.4141580029e+00  -1.6199027253e-02   1.6196902314e-02   7.8526697067e-01   3.5427557158e-01   0.0000000000e+00
  -1.8888888889e-01   1.4023353946e+00  -1.9436536392e-02   1.9432866118e-02   7.8520929780e-01   3.5616420176e-01   0.0000000000e+00
  -1.8333333333e-01   1.3914232054e+00  -2.2520558055e-02   2.2514849352e-02   7.8514461846e-01   3.5814976188e-01  -3.8459253728e-16
  -1.7777777778e-01   1.3813902775e+00  -2.4856814756e-02   2.4849139368e-02   7.8508929638e-01   3.6005294844e-01   0.0000000000e+00
  -1.7222222222e-01   1.3720447283e+00  -2.6158151682e-02   2.6149207030e-02   7.8505611699e-01   3.6174119477e-01   0.0000000000e+00
  -1.6666666667e-01   1.3630270926e+00  -2.6253185616e-02   2.6244143155e-02   7.8505362770e-01   3.6312701345e-01   1.9229626864e-16
  -1.6111111111e-01   1.3537262688e+00  -2.5068512540e-02   2.5060639433e-02   7.8508401405e-01   3.6414549577e-01  -3.8459253728e-16
  -1.5555555556e-01   1.3438852948e+00  -2.2760321075e-02   2.2754428140e-02   7.8513919207e-01   3.6484941492e-01  -1.9229626864e-16
  -1.5000000000e-01   1.3335439751e+00  -1.9607197791e-02   1.9603430003e-02   7.8520596691e-01   3.6541787595e-01  -3.8459253728e-16
  -1.4444444444e-01   1.3228303724e+00  -1.6072928319e-02   1.6070852614e-02   7.8526900503e-01   3.6597476421e-01   0.0000000000e+00
  -1.3888888889e-01   1.3119405187e+00  -1.2420823861e-02   1.2419865863e-02   7.8532102895e-01   3.6678495706e-01   0.0000000000e+00
  -1.3333333333e-01   1.3010124295e+00  -8.7115004525e-03   8.7111699196e-03   7.8536021926e-01   3.6797010900e-01  -5.7688880592e-16
  -1.2777777778e-01   1.2902175079e+00  -4.8413808933e-03   4.8413241572e-03   7.8538644399e-01   3.6951928887e-01   0.0000000000e+00
  -1.2222222222e-01   1.2792439603e+00  -7.8476323914e-04   7.8476546165e-04   7.8539785549e-01   3.7123872740e-01   3.8459253728e-16
  -1.1666666667e-01   1.2674067541e+00   3.3479526833e-03  -3.3479339250e-03   7.8539255906e-01   3.7290097448e-01  -1.9229626864e-16
  -1.1111111111e-01   1.2541745407e+00   7.1786440156e-03  -7.1784590608e-03   7.8537239737e-01   3.7428657466e-01   1.9229626864e-16
  -1.0555555556e-01   1.2394285981e+00   1.0359484630e-02  -1.0358928803e-02   7.8534450589e-01   3.7515252951e-01   0.0000000000e+00
  -1.0000000000e-01   1.2232420386e+00   1.2788577106e-02  -1.2787531476e-02   7.8531639410e-01   3.7545574494e-01  -1.9229626864e-16
  -9.4444444444e-02   1.2056330339e+00   1.4392883331e-02  -1.4391392804e-02   7.8529459302e-01   3.7524579200e-01   0.0000000000e+00
  -8.8888888889e-02   1.1864132109e+00   1.4905119225e-02  -1.4903463843e-02   7.8528709042e-01   3.7458432566e-01   0.0000000000e+00
  -8.3333333333e-02   1.1654916392e+00   1.4241268843e-02  -1.4239824924e-02   7.8529676345e-01   3.7348223151e-01   0.0000000000e+00
  -7.7777777778e-02   1.1433953733e+00   1.2738795874e-02  -1.2737762412e-02   7.8531702937e-01   3.7194855874e-01   0.0000000000e+00
  -7.2222222222e-02   1.1208174833e+00   1.0754809802e-02  -1.0754187883e-02   7.8534033265e-01   3.6987231394e-01   1.9229626864e-16
  -6.6666666667e-02   1.0984504510e+00   8.2727306949e-03  -8.2724476308e-03   7.8536394515e-01   3.6722550972e-01   0.0000000000e+00
  -6.1111111111e-02   1.0769135656e+00   5.2394289918e-03  -5.2393570878e-03   7.8538443772e-01   3.6416480256e-01  -3.8459253728e-16
  -5.5555555556e-02   1.0566066530e+00   1.8435718256e-03  -1.8435687044e-03   7.8539646412e-01   3.6086691783e-01   1.9229626864e-16
  -5.0000000000e-02   1.0378834183e+00  -1.6418125190e-03   1.6418160651e-03   7.8539681565e-01   3.5742566656e-01   0.0000000000e+00
  -4.4444444444e-02   1.0209603374e+00  -5.1380277198e-03   5.1379599107e-03   7.8538496390e-01   3.5387352413e-01  -1.9229626864e-16
  -3.8888888889e-02   1.0058207505e+00  -8.7296457406e-03   8.7293131391e-03   7.8536006100e-01   3.5016549524e-01   0.0000000000e+00
  -3.3333333333e-02   9.9234888567e-01  -1.2700365394e-02   1.2699341256e-02   7.8531751819e-01   3.4625064468e-01   0.0000000000e+00
  -2.7777777778e-02   9.8059218479e-01  -1.7339119836e-02   1.7336513995e-02   7.8524785591e-01   3.4208256616e-01   1.9229626864e-16
  -2.2222222222e-02   9.7084097941e-01  -2.2693351977e-02   2.2687510896e-02   7.8514071344e-01   3.3769743118e-01   3.8459253728e-16
  -1.6666666667e-02   9.6316527789e-01  -2.8619291792e-02   2.8607578606e-02   7.8498874329e-01   3.3317216771e-01   1.9229626864e-16
  -1.1111111111e-02   9.5728516699e-01  -3.5019056107e-02   3.4997603547e-02   7.8478524671e-01   3.2850507058e-01   0.0000000000e+00
  -5.5555555556e-03   9.5281859049e-01  -4.1819979746e-02   4.1783458360e-02   7.8452421732e-01   3.2383788307e-01   3.8459253728e-16
   0.0000000000e+00   9.4958392129e-01  -4.8773704880e-02   4.8715795594e-02   7.8420966800e-01   3.1945623207e-01  -1.9229626864e-16
   5.5555555556e-03   9.4734423376e-01  -5.5557701255e-02   5.5472156416e-02   7.8385641913e-01   3.1547652093e-01   0.0000000000e+00
   1.1111111111e-02   9.4597352105e-01  -6.1808379790e-02   6.1690655813e-02   7.8349045209e-01   3.1181177100e-01   0.0000000000e+00
   1.6666666667e-02   9.4551008438e-01  -6.7246497809e-02   6.7094965864e-02   7.8314051619e-01   3.0838000256e-01   0.0000000000e+00
   2.2222222222e-02   9.4605098273e-01  -7.1665467261e-02   7.1482140435e-02   7.8283457586e-01   3.0526199659e-01   0.0000000000e+00
   2.7777777778e-02   9.4787721441e-01  -7.4579830828e-02   7.4373282197e-02   7.8262222602e-01   3.0256898140e-01   0.0000000000e+00
   3.3333333333e-02   9.5150998434e-01  -7.5816565768e-02   7.5599600492e-02   7.8252957452e-01   3.0047209378e-01  -3.8459253728e-16
   3.8888888889e-02   9.5742472449e-01  -7.5484508285e-02   7.5270373278e-02   7.8255459952e-01   2.9907445202e-01   0.0000000000e+00
   4.4444444444e-02   9.6586819204e-01  -7.3931580086e-02   7.3730356307e-02   7.8267018627e-01   2.9836452639e-01  -3.8459253728e-16
   5.0000000000e-02   9.7679816027e-01  -7.1397443967e-02   7.1216161147e-02   7.8285368290e-01   2.9824177674e-01   0.0000000000e+00
   5.5555555556e-02   9.8988224177e-01  -6.8195854929e-02   6.8037829326e-02   7.8307642033e-01   2.9850742021e-01   1.9229626864e-16
   6.1111111111e-02   1.0047450840e+00  -6.4655348662e-02   6.4520632583e-02   7.8331091121e-01   2.9895271680e-01   0.0000000000e+00
   6.6666666667e-02   1.0207356926e+00  -6.0711359908e-02   6.0599782472e-02   7.8355748778e-01   2.9950567497e-01  -1.9229626864e-16
   7.2222222222e-02   1.0372875465e+00  -5.6223362367e-02   5.6134710617e-02   7.8381929223e-01   3.0018645591e-01  -3.8459253728e-16
   7.7777777778e-02   1.0540216681e+00  -5.1539445402e-02   5.1471129775e-02   7.8407118024e-01   3.0115374862e-01   1.9229626864e-16
   8.3333333333e-02   1.0707197830e+00  -4.6987611615e-02   4.6935827482e-02   7.8429505693e-01   3.0249135773e-01   0.0000000000e+00
   8.8888888889e-02   1.0870863416e+00  -4.2851767124e-02   4.2812477883e-02   7.8448058780e-01   3.0416451160e-01   0.0000000000e+00
   9.4444444444e-02   1.1026769689e+00  -3.9128779683e-02   3.9098860095e-02   7.8463302302e-01   3.0606989494e-01   1.9229626864e-16
   1.0000000000e-01   1.1172248612e+00  -3.5485334123e-02   3.5463013730e-02   7.8476882301e-01   3.0810820185e-01  -3.8459253728e-16
   1.0555555556e-01   1.1307014952e+00  -3.1367683435e-02   3.1352263162e-02   7.8490635888e-01   3.1012538208e-01   0.0000000000e+00
   1.1111111111e-01   1.1429518693e+00  -2.6525623884e-02   2.6516297081e-02   7.8504644154e-01   3.1190299289e-01   1.9229626864e-16
   1.1666666667e-01   1.1539680183e+00  -2.0962550003e-02   2.0957945803e-02   7.8517848139e-01   3.1322956392e-01   1.9229626864e-16
   1.2222222222e-01   1.1640729785e+00  -1.4796874836e-02   1.4795255253e-02   7.8528869774e-01   3.1405386783e-01   1.9229626864e-16
   1.2777777778e-01   1.1739993935e+00  -8.0198409289e-03   8.0195830390e-03   7.8536600524e-01   3.1449392404e-01  -1.9229626864e-16
   1.3333333333e-01   1.1842716678e+00  -7.5719321386e-04   7.5719536869e-04   7.8539787677e-01   3.1461893260e-01   0.0000000000e+00
   1.3888888889e-01   1.1949823920e+00   6.6463638914e-03  -6.6462171004e-03   7.8537607669e-01   3.1436287638e-01  -3.8459253728e-16
   1.4444444444e-01   1.2062941532e+00   1.3836672516e-02  -1.3835348187e-02   7.8530244273e-01   3.1360980242e-01   1.9229626864e-16
   1.5000000000e-01   1.2185274374e+00   2.0597777233e-02  -2.0593409179e-02   7.8518605922e-01   3.1232348936e-01   0.0000000000e+00
   1.5555555556e-01   1.2317918231e+00   2.6821257567e-02  -2.6811615542e-02   7.8503855966e-01   3.1060982030e-01  -1.9229626864e-16
   1.6111111111e-01   1.2455957278e+00   3.2170898231e-02  -3.2154263426e-02   7.8488085848e-01   3.0859531176e-01   1.9229626864e-16
   1.6666666667e-01   1.2592076518e+00   3.6202727420e-02  -3.6179026659e-02   7.8474313080e-01   3.0631913630e-01   0.0000000000e+00
   1.7222222222e-01   1.2723963447e+00   3.8658418549e-02  -3.8629564227e-02   7.8465129860e-01   3.0378645813e-01  -1.9229626864e-16
   1.7777777778e-01   1.2854880060e+00   3.9176102155e-02  -3.9146073964e-02   7.8463117217e-01   3.0103549014e-01   0.0000000000e+00
   1.8333333333e-01   1.2987336399e+00   3.7677271429e-02  -3.7650557283e-02   7.8468871062e-01   2.9803956936e-01   1.9229626864e-16
   1.8888888889e-01   1.3124605788e+00   3.4517287335e-02  -3.4496743231e-02   7.8480267829e-01   2.9475388232e-01   0.0000000000e+00
   1.9444444444e-01   1.3271338521e+00   3.0278512459e-02  -3.0264642658e-02   7.8493990925e-01   2.9126678773e-01   0.0000000000e+00
   2.0000000000e-01   1.3430934227e+00   2.5264630510e-02  -2.5256571232e-02   7.8507908058e-01   2.8777125590e-01   1.9229626864e-16
   2.0555555556e-01   1.3604094511e+00   1.9496043475e-02  -1.9492339393e-02   7.8520813970e-01   2.8449957722e-01   0.0000000000e+00
   2.1111111111e-01   1.3784970723e+00   1.3054440049e-02  -1.3053327849e-02   7.8531295914e-01   2.8163235991e-01  -3.8459253728e-16
   2.1666666667e-01   1.3967520636e+00   6.2470838536e-03  -6.2469619572e-03   7.8537865066e-01   2.7924647598e-01   1.9229626864e-16
   2.2222222222e-01   1.4151134168e+00  -6.9540421607e-04   6.9540621524e-04   7.8539792161e-01   2.7741432455e-01  -3.8459253728e-16
   2.2777777778e-01   1.4339190433e+00  -7.5786614840e-03   7.5784438574e-03   7.8536944589e-01   2.7632521435e-01   1.9229626864e-16
   2.3333333333e-01   1.4534634466e+00  -1.4155110282e-02   1.4153692404e-02   7.8529798660e-01   2.7620646755e-01  -1.9229626864e-16
   2.3888888889e-01   1.4737039682e+00  -2.0309535866e-02   2.0305348599e-02   7.8519195322e-01   2.7704234314e-01   0.0000000000e+00
   2.4444444444e-01   1.4947122851e+00  -2.6011382711e-02   2.6002587726e-02   7.8505994364e-01   2.7884469830e-01   0.0000000000e+00
   2.5000000000e-01   1.5161317027e+00  -3.1062954336e-02   3.1047978909e-02   7.8491586494e-01   2.8150686459e-01   0.0000000000e+00
   2.5555555556e-01   1.5373607225e+00  -3.5442643086e-02   3.5420403101e-02   7.8477033576e-01   2.8479634993e-01  -1.9229626864e-16
   2.6111111111e-01   1.5582703974e+00  -3.9082703716e-02   3.9052889616e-02   7.8463482303e-01   2.8862766650e-01   0.0000000000e+00
   2.6666666667e-01   1.5786720304e+00  -4.2031337173e-02   4.1994259736e-02   7.8451536632e-01   2.9279154175e-01  -3.8459253728e-16
   2.7222222222e-01   1.5978829441e+00  -4.4433360773e-02   4.4389563202e-02   7.8441165051e-01   2.9695819534e-01   0.0000000000e+00
   2.7777777778e-01   1.6157249409e+00  -4.6149422783e-02   4.6100357895e-02   7.8433403374e-01   3.0107864283e-01   4.8074067160e-16
   2.8333333333e-01   1.6330984064e+00  -4.7217859604e-02   4.7165311332e-02   7.8428422761e-01   3.0528277982e-01   1.9229626864e-16
   2.8888888889e-01   1.6502682142e+00  -4.7958791694e-02   4.7903733582e-02   7.8424902098e-01   3.0944771481e-01   0.0000000000e+00
   2.9444444444e-01   1.6672624044e+00  -4.8626554529e-02   4.8569167183e-02   7.8421682297e-01   3.1355077312e-01   0.0000000000e+00
   3.0000000000e-01   1.6840293741e+00  -4.9344242084e-02   4.9284279239e-02   7.8418172288e-01   3.1764080925e-01   1.9229626864e-16
   3.0555555556e-01   1.7004986997e+00  -4.9993873357e-02   4.9931513925e-02   7.8414950924e-01   3.2156098080e-01  -3.8459253728e-16
   3.1111111111e-01   1.7168007889e+00  -5.0443839395e-02   5.0379783145e-02   7.8412695037e-01   3.2517882134e-01   0.0000000000e+00
   3.1666666667e-01   1.7327337531e+00  -5.0855826953e-02   5.0790190409e-02   7.8410611883e-01   3.2856641547e-01   1.9229626864e-16
   3.2222222222e-01   1.7480307547e+00  -5.1421678145e-02   5.1353829143e-02   7.8407723224e-01   3.3178100747e-01   1.9229626864e-16
   3.2777777778e-01   1.7623603445e+00  -5.2268877301e-02   5.2197623885e-02   7.8403338755e-01   3.3471281493e-01   4.8074067160e-16
   3.3333333333e-01   1.7747967214e+00  -5.3351493681e-02   5.3275726912e-02   7.8397632035e-01   3.3712664491e-01  -3.8459253728e-16
   3.3888888889e-01   1.7851679845e+00  -5.4411810997e-02   5.4331443317e-02   7.8391929903e-01   3.3892761605e-01   0.0000000000e+00
   3.4444444444e-01   1.7935734425e+00  -5.5588022527e-02   5.5502337776e-02   7.8385473753e-01   3.4019055726e-01  -1.9229626864e-16
   3.5000000000e-01   1.8008970077e+00  -5.6996571505e-02   5.6904217751e-02   7.8377561414e-01   3.4126733357e-01   0.0000000000e+00
   3.5555555556e-01   1.8085225883e+00  -5.8211436793e-02   5.8113061086e-02   7.8370578741e-01   3.4233148829e-01   0.0000000000e+00
   3.6111111111e-01   1.8172759291e+00  -5.8451955961e-02   5.8352357887e-02   7.8369178920e-01   3.4327356838e-01  -1.9229626864e-16
   3.6666666667e-01   1.8275878354e+00  -5.7391985667e-02   5.7297699624e-02   7.8375304785e-01   3.4406128189e-01   0.0000000000e+00
   3.7222222222e-01   1.8389484497e+00  -5.5328753833e-02   5.5244260614e-02   7.8386908677e-01   3.4470765624e-01  -1.9229626864e-16
   3.7777777778e-01   1.8506025405e+00  -5.2522358298e-02   5.2450064644e-02   7.8402013047e-01   3.4521662413e-01  -3.8459253728e-16
   3.8333333333e-01   1.8626372390e+00  -4.9147375388e-02   4.9088126524e-02   7.8419140205e-01   3.4562676657e-01   0.0000000000e+00
   3.8888888889e-01   1.8754173873e+00  -4.5471519140e-02   4.5424582663e-02   7.8436504548e-01   3.4600318161e-01   1.9229626864e-16
   3.9444444444e-01   1.8896299700e+00  -4.1810247335e-02   4.1773751421e-02   7.8452462378e-01   3.4652244074e-01   0.0000000000e+00
   4.0000000000e-01   1.9056162983e+00  -3.8163066501e-02   3.8135306421e-02   7.8467030675e-01   3.4740670604e-01   0.0000000000e+00
   4.0555555556e-01   1.9223482252e+00  -3.4673565068e-02   3.4652740829e-02   7.8479727609e-01   3.4860835670e-01  -3.8459253728e-16
   4.1111111111e-01   1.9386135241e+00  -3.1283851821e-02   3.1268554793e-02   7.8490898323e-01   3.4976916668e-01  -3.8459253728e-16
   4.1666666667e-01   1.9540538402e+00  -2.7965921735e-02   2.7954992298e-02   7.8500721890e-01   3.5065940829e-01   0.0000000000e+00
   4.2222222222e-01   1.9694863673e+00  -2.4749293599e-02   2.4741717354e-02   7.8509196216e-01   3.5144222565e-01   1.9229626864e-16
   4.2777777778e-01   1.9859057241e+00  -2.1857745604e-02   2.1852526144e-02   7.8515932090e-01   3.5237637194e-01  -3.8459253728e-16
   4.3333333333e-01   2.0046999403e+00  -1.9427410210e-02   1.9423745103e-02   7.8520947509e-01   3.5360285468e-01   1.9229626864e-16
   4.3888888889e-01   2.0262151097e+00  -1.7083984691e-02   1.7081492179e-02   7.8525224641e-01   3.5512027768e-01  -3.8459253728e-16
   4.4444444444e-01   2.0491541216e+00  -1.4521575872e-02   1.4520045007e-02   7.8529273274e-01   3.5671247344e-01   0.0000000000e+00
   4.5000000000e-01   2.0726080523e+00  -1.1632453370e-02   1.1631666443e-02   7.8533050950e-01   3.5830943778e-01   0.0000000000e+00
   4.5555555556e-01   2.0959825842e+00  -8.1507139905e-03   8.1504432643e-03   7.8536494706e-01   3.6012383757e-01   0.0000000000e+00
   4.6111111111e-01   2.1192720163e+00  -4.4218930930e-03   4.4218498632e-03   7.8538838692e-01   3.6219974768e-01   1.9229626864e-16
   4.6666666667e-01   2.1428993735e+00  -1.0335570959e-03   1.0335598719e-03   7.8539762931e-01   3.6449549808e-01  -3.8459253728e-16
   4.7222222222e-01   2.1671089321e+00   1.7270108848e-03  -1.7270144547e-03   7.8539667217e-01   3.6703446522e-01   1.9229626864e-16
   4.7777777778e-01   2.1917947774e+00   3.4364789744e-03  -3.4364586798e-03   7.8539225883e-01   3.6976939943e-01   0.0000000000e+00
   4.8333333333e-01   2.2149706703e+00   3.6420603908e-03  -3.6420362313e-03   7.8539153118e-01   3.7231147894e-01  -1.9229626864e-16
   4.8888888889e-01   2.2355645820e+00   2.3818719573e-03  -2.3818652199e-03   7.8539532680e-01   3.7435479158e-01   1.9229626864e-16
   4.9444444444e-01   2.2540555444e+00  -9.9456687291e-05   9.9456988439e-05   7.8539815847e-01   3.7602746586e-01   0.0000000000e+00
   5.0000000000e-01   2.2719724943e+00  -3.1751908815e-03   3.1751748884e-03   7.8539312256e-01   3.7781354502e-01  -3.8459253728e-16
   5.0555555556e-01   2.2900087567e+00  -5.9158112545e-03   5.9157077431e-03   7.8538066520e-01   3.7968514229e-01   0.0000000000e+00
   5.1111111111e-01   2.3091317327e+00  -7.9902476009e-03   7.9899925527e-03   7.8536624210e-01   3.8147038010e-01   0.0000000000e+00
   5.1666666667e-01   2.3298027455e+00  -9.4973168786e-03   9.4968885936e-03   7.8535306524e-01   3.8290109854e-01  -1.9229626864e-16
   5.2222222222e-01   2.3519000632e+00  -1.0823125828e-02   1.0822491986e-02   7.8533959563e-01   3.8399169432e-01   0.0000000000e+00
   5.2777777778e-01   2.3757400051e+00  -1.2188582473e-02   1.2187677207e-02   7.8532388632e-01   3.8514794893e-01   1.9229626864e-16
   5.3333333333e-01   2.4020106766e+00  -1.3724749982e-02   1.3723457528e-02   7.8530398490e-01   3.8684838527e-01   0.0000000000e+00
   5.3888888889e-01   2.4308261767e+00  -1.5397355264e-02   1.5395530418e-02   7.8527963352e-01   3.8961904388e-01  -7.6918507455e-16
   5.4444444444e-01   2.4603639847e+00  -1.6973637621e-02   1.6971193089e-02   7.8525412510e-01   3.9350547364e-01   0.0000000000e+00
   5.5000000000e-01   2.4893609538e+00  -1.8228631365e-02   1.8225603622e-02   7.8523204029e-01   3.9811024639e-01   0.0000000000e+00
   5.5555555556e-01   2.5177361736e+00  -1.8924168669e-02   1.8920781018e-02   7.8521912271e-01   4.0286418993e-01   1.9229626864e-16
   5.6111111111e-01   2.5464689184e+00  -1.8810770025e-02   1.8807442896e-02   7.8522126174e-01   4.0760487180e-01   0.0000000000e+00
   5.6666666667e-01   2.5766020129e+00  -1.7785656936e-02   1.7782844571e-02   7.8524001531e-01   4.1247827972e-01   0.0000000000e+00
   5.7222222222e-01   2.6075869676e+00  -1.6119377416e-02   1.6117283664e-02   7.8526825756e-01   4.1701497709e-01   0.0000000000e+00
   5.7777777778e-01   2.6392498067e+00  -1.4205554317e-02   1.4204121227e-02   7.8529727128e-01   4.2094081268e-01   0.0000000000e+00
   5.8333333333e-01   2.6719476940e+00  -1.2207298653e-02   1.2206389212e-02   7.8532365808e-01   4.2427311243e-01   1.9229626864e-16
   5.8888888889e-01   2.7040200731e+00  -1.0408641369e-02   1.0408077589e-02   7.8534399544e-01   4.2674375000e-01   0.0000000000e+00
   5.9444444444e-01   2.7334804339e+00  -8.8534577515e-03   8.8531107984e-03   7.8535897265e-01   4.2816215474e-01   0.0000000000e+00
   6.0000000000e-01   2.7593882136e+00  -7.6500551943e-03   7.6498313537e-03   7.8536890226e-01   4.2848503140e-01   0.0000000000e+00
   6.0555555556e-01   2.7823719809e+00  -6.7150732381e-03   6.7149218482e-03   7.8537561772e-01   4.2800088417e-01  -3.8459253728e-16
   6.1111111111e-01   2.8036586358e+00  -5.8067133425e-03   5.8066154528e-03   7.8538130460e-01   4.2712942003e-01   1.9229626864e-16
   6.1666666667e-01   2.8229761845e+00  -4.7464795119e-03   4.7464260561e-03   7.8538689904e-01   4.2619143257e-01  -3.8459253728e-16
   6.2222222222e-01   2.8376373568e+00  -3.5118935389e-03   3.5118718819e-03   7.8539199673e-01   4.2503741694e-01  -3.8459253728e-16
   6.2777777778e-01   2.8476333553e+00  -2.1837404221e-03   2.1837352148e-03   7.8539577906e-01   4.2342101089e-01   0.0000000000e+00
   6.3333333333e-01   2.8563528919e+00  -1.0331555744e-03   1.0331583496e-03   7.8539762967e-01   4.2137900152e-01   0.0000000000e+00
   6.3888888889e-01   2.8658066892e+00  -2.7103293246e-04   2.7103374756e-04   7.8539812667e-01   4.1896330320e-01  -3.8459253728e-16
   6.4444444444e-01   2.8774831564e+00   7.1081398843e-06  -7.1081614299e-06   7.8539816342e-01   4.1652719796e-01   3.8459253728e-16
   6.5000000000e-01   2.8924510134e+00  -3.9829335408e-04   3.9829454093e-04   7.8539808410e-01   4.1455447843e-01  -3.8459253728e-16
   6.5555555556e-01   2.9128792579e+00  -1.4628601173e-03   1.4628635396e-03   7.8539709345e-01   4.1362317346e-01   0.0000000000e+00
   6.6111111111e-01   2.9380066332e+00  -3.1582271127e-03   3.1582113747e-03   7.8539317624e-01   4.1349519494e-01  -3.8459253728e-16
   6.6666666667e-01   2.9656546089e+00  -5.1877792094e-03   5.1877094018e-03   7.8538470709e-01   4.1370241212e-01   0.0000000000e+00
   6.7222222222e-01   2.9949524735e+00  -7.4103122806e-03   7.4101088331e-03   7.8537070762e-01   4.1436042857e-01   0.0000000000e+00
   6.7777777778e-01   3.0238646810e+00  -9.6187320994e-03   9.6182871790e-03   7.8535190482e-01   4.1545240752e-01  -3.8459253728e-16
   6.8333333333e-01   3.0495789451e+00  -1.1716807657e-02   1.1716003491e-02   7.8532952482e-01   4.1649735723e-01   1.9229626864e-16
   6.8888888889e-01   3.0731255557e+00  -1.3886247912e-02   1.3884909296e-02   7.8530175563e-01   4.1751182719e-01   0.0000000000e+00
   6.9444444444e-01   3.0969838021e+00  -1.6386002098e-02   1.6383802736e-02   7.8526392493e-01   4.1866321809e-01  -7.6918507455e-16
   7.0000000000e-01   3.1223600712e+00  -1.8851531115e-02   1.8848182317e-02   7.8522049441e-01   4.2015745674e-01   0.0000000000e+00
   7.0555555556e-01   3.1475355582e+00  -2.0427503187e-02   2.0423242545e-02   7.8518955105e-01   4.2177804960e-01   1.9229626864e-16
   7.1111111111e-01   3.1704610430e+00  -2.0781676526e-02   2.0777190456e-02   7.8518225546e-01   4.2306517910e-01   0.0000000000e+00
   7.1666666667e-01   3.1913060892e+00  -2.0217466066e-02   2.0213335475e-02   7.8519381825e-01   4.2373235841e-01   0.0000000000e+00
   7.2222222222e-01   3.2105052670e+00  -1.9250387891e-02   1.9246822044e-02   7.8521289756e-01   4.2354865449e-01   0.0000000000e+00
   7.2777777778e-01   3.2267735672e+00  -1.8029556230e-02   1.8026626589e-02   7.8523564854e-01   4.2213977442e-01  -3.8459253728e-16
   7.3333333333e-01   3.2392031878e+00  -1.6610322250e-02   1.6608031333e-02   7.8526022466e-01   4.1962076403e-01   0.0000000000e+00
   7.3888888889e-01   3.2505154574e+00  -1.4947009046e-02   1.4945339667e-02   7.8528646520e-01   4.1684807532e-01   0.0000000000e+00
   7.4444444444e-01   3.2645002598e+00  -1.3070217366e-02   1.3069101126e-02   7.8531275298e-01   4.1457410673e-01   0.0000000000e+00
   7.5000000000e-01   3.2827534838e+00  -1.0963513753e-02   1.0962854921e-02   7.8533806646e-01   4.1293980179e-01   1.9229626864e-16
   7.5555555556e-01   3.3044995219e+00  -8.4831624704e-03   8.4828572486e-03   7.8536218225e-01   4.1155893627e-01   1.9229626864e-16
   7.6111111111e-01   3.3289788114e+00  -5.9768592302e-03   5.9767524829e-03   7.8538030217e-01   4.0984811609e-01   0.0000000000e+00
   7.6666666667e-01   3.3547764511e+00  -3.3799257715e-03   3.3799064642e-03   7.8539245144e-01   4.0730161723e-01  -3.8459253728e-16
   7.7222222222e-01   3.3825545975e+00  -3.4864325812e-04   3.4864430121e-04   7.8539810272e-01   4.0407816118e-01   0.0000000000e+00
   7.7777777778e-01   3.4122279529e+00   2.7205355962e-03  -2.7205255365e-03   7.8539446285e-01   4.0042902465e-01   0.0000000000e+00
   7.8333333333e-01   3.4416976636e+00   5.2912429282e-03  -5.2911688578e-03   7.8538416496e-01   3.9644617983e-01  -3.8459253728e-16
   7.8888888889e-01   3.4699780260e+00   7.3136071698e-03  -7.3134115815e-03   7.8537141944e-01   3.9243799940e-01   0.0000000000e+00
   7.9444444444e-01   3.4968713866e+00   9.0380784775e-03  -9.0377093573e-03   7.8535732109e-01   3.8864656701e-01   0.0000000000e+00
   8.0000000000e-01   3.5224242158e+00   1.0455148096e-02  -1.0454576728e-02   7.8534351039e-01   3.8511857684e-01   0.0000000000e+00
   8.0555555556e-01   3.5470429270e+00   1.0852789137e-02  -1.0852150065e-02   7.8533927426e-01   3.8170884674e-01   1.9229626864e-16
   8.1111111111e-01   3.5732024393e+00   9.5384161757e-03  -9.5379823043e-03   7.8535267408e-01   3.7839900638e-01   0.0000000000e+00
   8.1666666667e-01   3.6016413242e+00   6.5461349575e-03  -6.5459947046e-03   7.8537673775e-01   3.7504413109e-01  -3.8459253728e-16
   8.2222222222e-01   3.6323016687e+00   2.3479205750e-03  -2.3479141021e-03   7.8539540704e-01   3.7184408537e-01  -3.8459253728e-16
   8.2777777778e-01   3.6666045430e+00  -2.5719133909e-03   2.5719048887e-03   7.8539485614e-01   3.6932216907e-01  -1.9229626864e-16
   8.3333333333e-01   3.7049158345e+00  -7.7286537431e-03   7.7284229333e-03   7.8536829793e-01   3.6780344812e-01   0.0000000000e+00
   8.3888888889e-01   3.7433371051e+00  -1.2276190306e-02   1.2275265382e-02   7.8532281486e-01   3.6681733992e-01   0.0000000000e+00
   8.4444444444e-01   3.7762291667e+00  -1.5131165752e-02   1.5129433912e-02   7.8528369605e-01   3.6520473343e-01  -3.8459253728e-16
   8.5000000000e-01   3.8027470801e+00  -1.5567953433e-02   1.5566067265e-02   7.8527699266e-01   3.6257920405e-01   0.0000000000e+00
   8.5555555556e-01   3.8244910971e+00  -1.3547015471e-02   1.3545772572e-02   7.8530640816e-01   3.5925085396e-01   0.0000000000e+00
   8.6111111111e-01   3.8420313288e+00  -9.5403084941e-03   9.5398743652e-03   7.8535265604e-01   3.5512608864e-01   0.0000000000e+00
   8.6666666667e-01   3.8516138750e+00  -4.1507751301e-03   4.1507393764e-03   7.8538954903e-01   3.4924444721e-01   1.9229626864e-16
   8.7222222222e-01   3.8498898625e+00   1.8774114925e-03  -1.8774150443e-03   7.8539640112e-01   3.4088854781e-01   1.9229626864e-16
   8.7777777778e-01   3.8388229521e+00   7.5497334751e-03  -7.5495183241e-03   7.8536966468e-01   3.3033140392e-01   0.0000000000e+00
   8.8333333333e-01   3.8211404240e+00   1.1412682723e-02  -1.1411939560e-02   7.8533304155e-01   3.1797506960e-01  -7.6918507455e-16
   8.8888888889e-01   3.7995394271e+00   1.2619077455e-02  -1.2618072851e-02   7.8531854709e-01   3.0410915440e-01  -1.9229626864e-16
   8.9444444444e-01   3.7802308207e+00   1.1591759147e-02  -1.1590980451e-02   7.8533098207e-01   2.9004475210e-01   0.0000000000e+00
   9.0000000000e-01   3.7723706541e+00   9.7553971715e-03  -9.7549330106e-03   7.8535058113e-01   2.7792235756e-01  -1.9229626864e-16
   9.0555555556e-01   3.7864335829e+00   8.4699568752e-03  -8.4696530834e-03   7.8536229424e-01   2.7037267659e-01   0.0000000000e+00
   9.1111111111e-01   3.8283132677e+00   8.1001259428e-03  -8.0998602273e-03   7.8536535807e-01   2.6960813946e-01   1.9229626864e-16
   9.1666666667e-01   3.8981958306e+00   8.5507156453e-03  -8.5504030774e-03   7.8536160692e-01   2.7739877726e-01   1.9229626864e-16
   9.2222222222e-01   3.9902070942e+00   9.4925762547e-03  -9.4921486048e-03   7.8535311035e-01   2.9456243781e-01   1.9229626864e-16
   9.2777777778e-01   4.0894286242e+00   1.0542049102e-02  -1.0541463367e-02   7.8534259807e-01   3.2049739873e-01  -3.8459253728e-16
   9.3333333333e-01   4.1727852337e+00   1.1009693227e-02  -1.1009026038e-02   7.8533755923e-01   3.5351050745e-01  -1.9229626864e-16
   9.3888888889e-01   4.2097508459e+00   1.0578715712e-02  -1.0578123844e-02   7.8534221090e-01   3.9149167564e-01  -3.8459253728e-16
   9.4444444444e-01   4.1695037009e+00   9.6346412322e-03  -9.6341941002e-03   7.8535175165e-01   4.3255103678e-01   3.8459253728e-16
   9.5000000000e-01   4.0237328093e+00   8.7364174324e-03  -8.7360840549e-03   7.8536000192e-01   4.7479912367e-01   0.0000000000e+00
   9.5555555556e-01   3.7508247002e+00   8.1496653589e-03  -8.1493947378e-03   7.8536495560e-01   5.1632681489e-01  -3.8459253728e-16
   9.6111111111e-01   3.3432224500e+00   7.8006351926e-03  -7.8003978705e-03   7.8536773917e-01   5.5521995988e-01   0.0000000000e+00
   9.6666666667e-01   2.8112388616e+00   7.6059211221e-03  -7.6057011353e-03   7.8536923895e-01   5.8971081760e-01   0.0000000000e+00
   9.7222222222e-01   2.1892291938e+00   7.6764551813e-03  -7.6762290134e-03   7.8536869997e-01   6.1838569357e-01  -3.8459253728e-16
   9.7777777778e-01   1.5342554635e+00   7.9983050662e-03  -7.9980492439e-03   7.8536617760e-01   6.4039355423e-01   0.0000000000e+00
   9.8333333333e-01   9.1982160965e-01   8.4747020933e-03  -8.4743977851e-03   7.8536225395e-01   6.5555540154e-01   0.0000000000e+00
   9.8888888889e-01   4.2453736102e-01   8.9019825122e-03  -8.9016298236e-03   7.8535854179e-01   6.6425539357e-01   0.0000000000e+00
   9.9444444444e-01   1.0777104722e-01   9.1329901430e-03  -9.1326092740e-03   7.8535645891e-01   6.6761643734e-01  -3.8459253728e-16
   1.0000000000e+00   1.6564043800e-05   4.2685280137e-03  -4.2684891233e-03   7.8538905326e-01   8.7689015405e-01  -3.8459253728e-16